iso3,hemisphere,mkt_tb,mkt_tc,mkt_area,bau_tb,bau_tc,bau_area,mc_stop,pct_protected,trading_price,pixel_fraction,rect,mkt_tc_b,mkt_tc_s,savings,transaction
NZL,SW,725619.1308536038,679525.6035744203,847690.1937337182,596815.5935436988,330231.0342890037,699820.0603276034,1.361529335149272,NA,5.691912280174956,0.653313666492578,733138.4357442217,-1082433.0050296383,383843.86645880505,383843.86645880505,Sellers
ATF,SE,863137.8022504277,3981790.8031111807,985583.3190968637,649130.1547331307,1604407.6006828677,748141.6269998575,5.626866548526054,NA,43.94122165676092,0.73678586023015,9403757.475799507,-11781140.67822782,7026374.273371194,7026374.273371194,Sellers
NZL,SE,1511020.4817649461,4317669.282848506,1780180.427229875,1424042.2191372532,2291943.0091405627,1675023.3744901046,12.931173714411043,NA,43.94122165676092,0.73678586023015,3821931.117443418,-5847657.391151361,1796204.8437354746,1796204.8437354746,Sellers
HMD,SE,101985.65943528077,426720.18250865396,120715.54664211946,87379.5763684196,33868.846168768316,103164.17114701799,5.390117656133793,NA,43.94122165676092,0.73678586023015,641809.1335780092,-1034660.4699178948,248957.79723812354,248957.79723812354,Sellers
CAN,NW,2896541.251135213,21015725.896651167,3582799.9776142146,2757335.940625449,9886379.171634395,3420773.4534753086,53.42250919850503,NA,112.54123085839471,0.4970324192819925,15666336.986793831,-26795683.711810604,4536990.261777058,4536990.261777058,Sellers
ARG,SW,36544.916204644425,10171.74902125448,43307.147321279335,549613.0508587664,495409260.672108,654863.7130791257,1399.5946354973612,NA,5.691912280174956,0.653313666492578,2920338.816204255,492478750.1068825,498319427.739291,492478750.1068825,Buyers
IRL,NW,105123.18864465531,1437032.5074974447,122918.93942117711,210930.23600952694,93687320.6467961,247785.10010809006,1884.717838878564,NA,112.54123085839471,0.4970324192819925,11907655.343935123,80342632.79536355,104157943.48323378,80342632.79536355,Buyers
RUS,NE,3462827.6815619394,194553999.29344776,4378198.2000961965,3413918.489108644,165902423.96650508,4319354.31286227,546.4825503259742,NA,634.4628174716414,0.6539454089860431,31031064.04418058,-59682639.37112326,2379488.7172378898,2379488.7172378898,Sellers
PCN,SW,335609.3043194626,112383.88219502568,439886.038217926,261565.28027784775,14120.344080376259,341908.82900146476,0.15441680312399675,NA,5.691912280174956,0.653313666492578,421452.0897160374,-519715.6278306868,323188.55160138797,323188.55160138797,Sellers
PYF,SW,2990523.379786505,5647570.6252272725,3572727.3410229143,2510738.1498807375,4130565.2516566897,2993892.1825791816,2.5781307138387604,NA,5.691912280174956,0.653313666492578,2730895.441947202,-4247900.815517785,1213890.0683766194,1213890.0683766194,Sellers
SJM,NE,236987.49337141955,40636283.9697956,289129.3303226878,231535.53736411987,37330019.86085937,282525.9401186139,573.5709247752529,NA,634.4628174716414,0.6539454089860431,3459063.3691227976,-6765327.4780590255,152799.2601865679,152799.2601865679,Sellers
GRL,NW,439514.3263437776,12232237.931118973,534040.3660975614,868055.1952625664,351029911.7666755,1031383.6897563055,1667.6155592312393,NA,112.54123085839471,0.4970324192819925,48228516.86124648,290569156.97431004,387026190.696803,290569156.97431004,Buyers
TKL,SW,234479.71479354549,160396.1519344449,298134.1848089317,181262.07651711293,633.1979396334049,230371.06042228526,0.006691333923618236,NA,5.691912280174956,0.653313666492578,302910.12882753526,-462673.08282234677,143147.17483272374,143147.17483272374,Sellers
UKR,NE,83239.26817621106,15874261.54487282,122324.49948899161,63015.713530479115,7348076.756622259,94917.13191393187,280.05257926586324,NA,634.4628174716414,0.6539454089860431,12831093.459822793,-21357278.248073354,4304908.671572231,4304908.671572231,Sellers
ISL,NW,256401.43259851367,4966666.073619783,306637.92974301585,366913.8710139802,38593943.23516276,436252.6029960192,639.5961794704301,NA,112.54123085839471,0.4970324192819925,12437205.844439145,21190071.31710383,46064483.005982116,21190071.31710383,Buyers
ZAF,SE,1003649.8620706699,2255965.3827540874,1130637.3804572395,801751.2132563825,47584.562818229446,900492.3683962284,0.33329873882452415,NA,43.94122165676092,0.73678586023015,8871673.279749133,-11080054.099684991,6663292.459813274,6663292.459813274,Sellers
NIU,SW,247218.44071080736,54550.847447395325,301719.21771778393,187859.8413907563,753.8828408257292,229018.49228117176,0.008659890180375536,NA,5.691912280174956,0.653313666492578,337863.9404037834,-391660.905010353,284066.9757972138,284066.9757972138,Sellers
WLF,SW,135782.0261780704,141611.29967045784,173878.26526352038,110704.62019426751,48020.75348096072,141605.7835971772,2.8340755427340496,NA,5.691912280174956,0.653313666492578,142738.3950741406,-236328.94126363774,49147.84888464348,49147.84888464348,Sellers
NAM,SE,327141.54473742656,1513802.0053014755,397983.1950088402,306187.184949682,756026.4037322355,369136.2304040731,29.583351696612063,NA,43.94122165676092,0.73678586023015,920760.1681088026,-1678535.7696780427,162984.56653956266,162984.56653956266,Sellers
GEO,NE,13155.290999185083,1233625.6190218925,20422.917141486145,10507.076515279816,784690.6879667193,16063.577932542605,160.10488810414748,NA,634.4628174716414,0.6539454089860431,1680193.6227277445,-2129128.5537829176,1231258.6916725712,1231258.6916725712,Sellers
BMU,NW,328044.3286330744,382789.4694290161,367017.1639823899,239322.36026960477,4608.974419156558,267358.32136781665,0.028316540872416317,NA,112.54123085839471,0.4970324192819925,9984879.52380443,-10363060.01881429,9606699.02879457,9606699.02879457,Sellers
MNP,NE,610388.6775714137,1995986.2967677116,709479.1099468991,439479.84785141784,627854.3880451923,506947.43797754217,3.3549937524042677,NA,634.4628174716414,0.6539454089860431,108435297.63492957,-109803429.54365209,107067165.72620705,107067165.72620705,Sellers
TWN,NE,207530.332819399,18077355.009162903,230685.97603133039,223666.2068708198,30765983.855635818,247936.01076409098,877.761681803791,NA,634.4628174716414,0.6539454089860431,10237612.113031993,2451016.7334409226,22926240.95950491,2451016.7334409226,Buyers
SHN,SW,1241797.111510011,227892.38912010193,1382819.6169177862,976294.1852480875,86863.81316479895,1084978.4051638134,0.1630587628014857,NA,5.691912280174956,0.653313666492578,1511219.3664126277,-1652247.9423679307,1370190.7904573248,1370190.7904573248,Sellers
CHL,SW,1185250.951651732,3190679.231753821,1432013.2964079825,1526235.7951654266,5512459.361404103,1821191.7667008785,7.975787159634734,NA,5.691912280174956,0.653313666492578,1940855.818149134,380924.31150114816,4262635.947799416,380924.31150114816,Buyers
BHS,NW,280705.9600171875,739369.8028202057,337889.534109354,349536.138026786,40109594.3162512,420086.9802847768,639.0525828390646,NA,112.54123085839471,0.4970324192819925,7746232.9534026235,31623991.560028374,47116457.46683362,31623991.560028374,Buyers
JAM,NW,198338.03325291208,1160803.9575338364,224326.71855597832,158340.9242033339,16013.461699169256,179390.82899111207,0.669367299804864,NA,112.54123085839471,0.4970324192819925,4501323.883216965,-5646114.379051632,3356533.387382298,3356533.387382298,Sellers
AIA,NW,70011.7740324068,430483.40898799896,83820.82392241398,56295.097866356926,1251.6529790354523,67552.07151930092,0.21198084617510807,NA,112.54123085839471,0.4970324192819925,1543691.6190132594,-1972923.375022223,1114459.8630042959,1114459.8630042959,Sellers
CRI,NW,450525.0025070648,1895520.777176857,522488.89796391636,355693.62829007814,80773.10045344786,412399.32608392206,1.8936896894722786,NA,112.54123085839471,0.4970324192819925,10672439.578372715,-12487187.255096124,8857691.901649306,8857691.901649306,Sellers
TCA,NW,59149.812511147575,178911.59854221344,76493.00611129678,50236.741469116445,10736.269048082871,64823.88345842998,2.9422616741343046,NA,112.54123085839471,0.4970324192819925,1003087.9857984981,-1171263.3152926287,834912.6563043676,834912.6563043676,Sellers
CYM,NW,93386.3166914745,64419.63817882538,113439.45092669429,67238.14801786163,1269.7380783650476,80246.32837306456,0.03774666594674203,NA,112.54123085839471,0.4970324192819925,2942747.0872213095,-3005896.98732177,2879597.1871208493,2879597.1871208493,Sellers
ATG,NW,80114.87263125872,228890.2424697876,93181.59022413642,67556.09025804096,4314.930211306642,78233.18471675455,0.6340311355315905,NA,112.54123085839471,0.4970324192819925,1413380.8263646385,-1637956.1386231196,1188805.5141061575,1188805.5141061575,Sellers
DOM,NW,218671.1501879217,535059.346455574,256316.42391358642,170948.20252629774,174443.12624978533,199621.1662669202,1.6309820182857024,NA,112.54123085839471,0.4970324192819925,5370799.270029911,-5731415.490235699,5010183.049824122,5010183.049824122,Sellers
COG,SE,21451.439642184487,119989.60139465332,24499.525418566365,19873.93078765865,78379.03488016289,22565.353912236467,26.3773901459321,NA,43.94122165676092,0.73678586023015,69317.66624222281,-110928.23275671325,27707.099727732377,27707.099727732377,Sellers
GAB,SE,123663.53422544626,673050.3513450623,135073.5261982769,122059.53173407797,618528.0952178169,133390.70958369592,33.991378704614995,NA,43.94122165676092,0.73678586023015,70481.82901121062,-125004.085138456,15959.572883965215,15959.572883965215,Sellers
HTI,NW,67912.49966062252,35106.735485076904,79190.02894880499,60455.428970437024,8927.909344330013,70108.84851730402,1.2068134852299603,NA,112.54123085839471,0.4970324192819925,839227.9140715344,-865406.7402122814,813049.0879307875,813049.0879307875,Sellers
RUS,NW,246008.02822920232,1623889.7425894737,298725.77556453826,261429.32720781356,23511511.298036803,316818.0948658223,2330.631822316645,NA,112.54123085839471,0.4970324192819925,1735531.9684882148,20152089.586959112,23623153.523935545,20152089.586959112,Buyers
AUS,SE,3000498.3730811337,13016330.236938477,3384623.4102655808,3381091.1878757454,35638431.828165166,3807997.2418937255,70.47686531793765,NA,43.94122165676092,0.73678586023015,16723713.235860588,5898388.3553661015,39345814.827087276,5898388.3553661015,Buyers
USA,NW,3791425.101771821,30904060.40259838,4323764.559770928,4246465.219108016,193614972.30080733,4850233.155419042,668.1577344452727,NA,112.54123085839471,0.4970324192819925,51210774.894963786,111500137.00324516,213921686.79317272,111500137.00324516,Buyers
HND,NW,114383.75348196212,773811.1839313507,135116.4229755382,119752.63504898925,1510330.175117549,141277.0813607014,165.90977311037878,NA,112.54123085839471,0.4970324192819925,604220.5398861801,132298.45130001823,1340739.5310723784,132298.45130001823,Buyers
CUW,NW,24668.494265497728,68619.61200141907,26942.1516349579,21895.824630912884,12777.231744319364,24059.720640556243,20.140293513713573,NA,112.54123085839471,0.4970324192819925,312039.6534398737,-367882.0336969734,256197.27318277402,256197.27318277402,Sellers
CUB,NW,181168.96129126297,256964.33285331726,223152.0939689073,208467.5856200101,12529298.619240476,254953.2308997084,529.4798641259863,NA,112.54123085839471,0.4970324192819925,3072220.782698121,9200113.503689038,15344555.06908528,9200113.503689038,Buyers
GBR,NW,68850.72067341823,2300223.1405296326,81514.2679215352,326078.0895575553,475778357.4146898,383144.2702227277,3383.037491454796,NA,112.54123085839471,0.4970324192819925,28948684.704687122,444529449.569473,502426818.97884727,444529449.569473,Buyers
TON,SW,440241.40401155927,187887.1002178192,512200.1751628874,367782.9336572351,27268.915402275168,426681.03278256085,0.5383710468984273,NA,5.691912280174956,0.653313666492578,412427.25721247063,-573045.4420280147,251809.07239692658,251809.07239692658,Sellers
GUY,NW,79226.66004890187,585730.3611660004,91164.01847928701,86369.54949839969,2273079.6682371954,99276.79329012608,292.14488075399777,NA,112.54123085839471,0.4970324192819925,803869.5705319257,883479.7365392693,2491218.8776031206,883479.7365392693,Buyers
BRB,NW,157026.68387450668,805170.3081932068,176688.77754521728,116990.24150748516,12221.083278906919,131757.69538298543,1.5259015967203449,NA,112.54123085839471,0.4970324192819925,4505750.503175784,-5298699.728090084,3712801.278261484,3712801.278261484,Sellers
ABW,NW,24574.32764803728,116858.09015274048,26872.262215064067,19755.551996162994,18453.826172277542,21738.717851244757,3.7908868626667203,NA,112.54123085839471,0.4970324192819925,542310.9430923956,-640715.2070728585,443906.67911193264,443906.67911193264,Sellers
BLZ,NW,11844.577469690064,34226.430950164795,14682.308506972544,20984.588469997976,4033461.932574052,25804.275223622302,568.5971549735789,NA,112.54123085839471,0.4970324192819925,1028628.0880339199,2970607.4135899674,5027863.589657807,2970607.4135899674,Buyers
VGB,NW,53835.75415923607,109869.84418106079,66245.1057793625,44509.507134959094,5540.771324915831,54561.513345793246,1.839352059438678,NA,112.54123085839471,0.4970324192819925,1049587.319401572,-1153916.392257717,945258.246545427,945258.246545427,Sellers
ROU,NE,25390.38372436679,1283437.2085723877,35362.18641721623,18281.076281544087,375517.93681158836,26498.652946512204,69.36517586820581,NA,634.4628174716414,0.6539454089860431,4510591.230445404,-5418510.502206203,3602671.958684604,3602671.958684604,Sellers
COK,SW,1396362.0699863462,377002.73711395264,1733895.7687747888,1085255.9815465342,78938.19215564057,1347193.6885788816,0.11445957924943054,NA,5.691912280174956,0.653313666492578,1770788.5652277616,-2068853.1101860737,1472724.0202694496,1472724.0202694496,Sellers
BGR,NE,17548.875746225804,1554521.8301811218,27066.812285064923,14925.347006901207,1026259.601764765,23384.545781772264,200.85329852196654,NA,634.4628174716414,0.6539454089860431,1664531.435669707,-2192793.664086064,1136269.20725335,1136269.20725335,Sellers
TTO,NW,37016.96787736405,355550.97242736816,42262.601200049816,44372.352824819536,1625230.6276621057,51051.05963100507,186.66536267050097,NA,112.54123085839471,0.4970324192819925,827784.0754239495,441895.57981078804,2097463.730658687,441895.57981078804,Buyers
EGY,NE,157507.6035096913,25991741.32499695,200972.5309242375,137910.75701214233,15436670.666301936,175175.64299200097,479.190016203181,NA,634.4628174716414,0.6539454089860431,12433470.442394191,-22988541.101089202,1878399.783699179,1878399.783699179,Sellers
IDN,NE,749534.8028285295,19163177.128311157,955635.4407404291,1018810.2773723211,299112436.2369682,1276123.3303559218,1550.0561803329117,NA,634.4628174716414,0.6539454089860431,170845276.2550673,109103982.85358977,450794535.36372435,109103982.85358977,Buyers
SUR,NW,77319.33560345013,956714.2884292603,91400.12713630174,77083.23712435868,935462.1779754263,91103.17521895995,90.01375415723025,NA,112.54123085839471,0.4970324192819925,26570.813440746948,-47822.92389458089,5318.702986913035,5318.702986913035,Sellers
IDN,SE,1438078.7679803548,17289247.262916565,1696335.904863914,2570779.541429561,1073023823.6694309,2984680.393754025,1884.7391254784936,NA,43.94122165676092,0.73678586023015,49772255.75691611,1005962320.6495981,1105506832.1634305,1005962320.6495981,Buyers
AGO,SE,208143.4962535404,316257.953956604,228595.13351389038,301357.8010965033,13764558.587242955,329982.00400284125,172.39049262420892,NA,43.94122165676092,0.73678586023015,4095950.4306855155,9352350.202600837,17544251.063971866,9352350.202600837,Buyers
URY,SW,33232.74353161141,23530.718223571777,39670.777130864015,71514.13397678902,28045339.807727065,87749.85206612122,1140.9886291796072,NA,5.691912280174956,0.653313666492578,217894.31637707865,27803914.773126416,28239703.40588057,27803914.773126416,Buyers
SOM,NE,597431.6679350965,12138516.308105469,671463.1462079828,433668.50975431735,193474.30443619614,482844.7619760394,9.509609057617713,NA,634.4628174716414,0.6539454089860431,103901634.73743126,-115846676.74110053,91956592.73376198,91956592.73376198,Sellers
COL,NW,591228.9387296971,5694207.239059448,672698.1976397578,448695.74027086457,221096.19907870726,506153.20245628373,1.06139158868019,NA,112.54123085839471,0.4970324192819925,16040861.592740865,-21513972.632721607,10567750.552760124,10567750.552760124,Sellers
USA,NE,36730.05322383216,875661.7326011658,43474.633734281,26445.638321159156,351875.5856705549,31309.685269768794,17.568223213325506,NA,634.4628174716414,0.6539454089860431,6525078.855197252,-7048865.002127863,6001292.708266641,6001292.708266641,Sellers
SJM,NW,92810.27214853487,2188919.3243865967,113527.70028489985,75897.69882523268,934001.3621556782,93559.60840635211,49.18746510198248,NA,112.54123085839471,0.4970324192819925,1903361.8187872795,-3158279.781018198,648443.8565563611,648443.8565563611,Sellers
MUS,SE,1578898.8325093354,4863632.436500549,1775756.9768679005,1164652.3685154938,356683.94675513316,1316155.6861254154,0.6280128332556155,NA,43.94122165676092,0.73678586023015,18202495.694882825,-22709444.18462824,13695547.20513741,13695547.20513741,Sellers
NFK,SE,286837.5326347449,570482.8871307373,321725.458542197,206103.68306986507,21277.457966007452,230962.0260762764,0.22696393565955209,NA,43.94122165676092,0.73678586023015,3547543.978933975,-4096749.408098705,2998338.549769245,2998338.549769245,Sellers
SLE,NW,105889.62515858558,615995.8203659058,119268.23569566042,104060.1082312122,531149.0893125605,117180.11684916749,46.37657612447403,NA,112.54123085839471,0.4970324192819925,205896.0868828682,-290742.81793621345,121049.35582952294,121049.35582952294,Sellers
SOM,SE,73977.37391677267,292645.4810180664,80000.78365669266,61355.92279356082,5716.151691157034,66255.68156928263,0.13205746692521583,NA,43.94122165676092,0.73678586023015,554601.9814350262,-841531.3107619355,267672.6521081168,267672.6521081168,Sellers
CXR,SE,284563.20194214705,1471426.9187927246,316859.10403470544,211069.8462702883,258787.32363777934,235207.4883733011,11.728214853037498,NA,43.94122165676092,0.73678586023015,3229387.8318763124,-4442027.427031258,2016748.236721367,2016748.236721367,Sellers
CCK,SE,390248.2124386489,512952.51400756836,442235.67155820306,284971.6319131253,45391.142851198674,323344.7390206843,0.22890358295226546,NA,43.94122165676092,0.73678586023015,4625981.560137874,-5093542.931294244,4158420.1889815046,4158420.1889815046,Sellers
PRT,NW,1143757.180967535,10542364.402999878,1326353.700007337,905356.384657768,4785526.971242867,1042544.6743813708,11.927101319439128,NA,112.54123085839471,0.4970324192819925,26829919.054322615,-32586756.486079626,21073081.622565605,21073081.622565605,Sellers
PAN,NW,211078.54390851912,2108014.8012542725,258605.80596140787,190280.0051997105,610889.7020092175,233846.62866556214,22.774762834319695,NA,112.54123085839471,0.4970324192819925,2340693.1463452904,-3837818.2455903455,843568.0471002354,843568.0471002354,Sellers
IND,NE,1343485.4624788295,46540392.920791626,1627311.3126106302,1345922.0953218134,48185660.95892321,1630225.1876468621,675.2219739912526,NA,634.4628174716414,0.6539454089860431,1545952.9387034485,99315.0994281387,3191220.976835035,99315.0994281387,Buyers
VUT,SE,454199.16454725777,1107618.315170288,518542.5418951743,382829.05505708547,215484.4533534584,435860.2738474708,3.2393210424907326,NA,43.94122165676092,0.73678586023015,3136089.800774957,-4028223.6625917866,2243955.9389581275,2243955.9389581275,Sellers
KEN,SE,76843.67091193203,173961.87231445312,82923.51264246074,69731.27280374298,29735.365146550186,75162.85005753404,4.36468939801267,NA,43.94122165676092,0.73678586023015,312527.4617830622,-456753.96895096515,168300.95461515925,168300.95461515925,Sellers
NIC,NW,107909.35574436386,1656886.1245117188,126029.6044190898,127409.52867775715,6565228.543948939,148734.10866793033,347.5457808101248,NA,112.54123085839471,0.4970324192819925,2194573.463875634,2713768.955561586,7102915.883312855,2713768.955561586,Buyers
JPN,NE,2476486.709491297,83424369.1645813,2738897.057668865,2181580.547891227,20412665.753186394,2402761.446242392,52.601574121770504,NA,634.4628174716414,0.6539454089860431,187106994.17852765,-250118697.58992255,124095290.76713274,124095290.76713274,Sellers
ESP,NW,428363.66212983,7903412.591033936,507999.46684914717,441329.38082800206,10232492.757084,523340.71930490935,228.68676523767863,NA,112.54123085839471,0.4970324192819925,1459177.9412559883,869902.224794077,3788258.107306054,869902.224794077,Buyers
BEN,NE,33316.46889488962,1001911.2224731445,36799.62324416253,28027.3334933098,34876.25793145049,30917.697139113076,13.475688608720654,NA,634.4628174716414,0.6539454089860431,3355759.7488753344,-4322794.713417028,2388724.7843336402,2388724.7843336402,Sellers
COD,SE,8354.02768067918,1992.7722473144531,9171.259344304224,7678.071283181331,1681.3138213154757,8375.060368082686,0.4607670363826514,NA,43.94122165676092,0.73678586023015,29702.349892758622,-30013.8083187576,29390.891466759644,29390.891466759644,Sellers
TLS,SE,35150.49619720169,563731.8433532715,39451.78333050611,51195.862314902944,1657737.846183979,57347.2152904266,93.13202444569548,NA,43.94122165676092,0.73678586023015,705052.9891417923,388953.0136889152,1799058.9919724998,388953.0136889152,Buyers
GTM,NW,80394.93260764745,1135158.0374450684,99224.60305129283,65828.26997608737,243036.7174138509,80850.84004879824,31.046689523624313,NA,112.54123085839471,0.4970324192819925,1639350.1420547552,-2531471.4620859725,747228.8220235378,747228.8220235378,Sellers
VCT,NW,24149.04095776415,384437.5922241211,26967.97896840928,21252.0756608809,221884.9503248401,23725.779864377317,46.482743150625474,NA,112.54123085839471,0.4970324192819925,326028.04026529606,-488580.68216457707,163475.39836601506,163475.39836601506,Sellers
FJI,SE,732248.0557046435,1930209.5077209473,854690.1761065715,597615.2992584276,315635.4779968203,693963.2510529887,1.4359135998072952,NA,43.94122165676092,0.73678586023015,5915927.7932638815,-7530501.822988008,4301353.763539755,4301353.763539755,Sellers
WSM,SW,69740.19088746207,74912.42510986328,89871.26886053183,77763.77401977233,129139.62547567119,100113.58470095115,8.552083552365955,NA,5.691912280174956,0.653313666492578,45669.53136180142,8557.669004006486,99896.73172760932,8557.669004006486,Buyers
LBR,NW,195219.72144095262,1619986.999572754,214942.13761011517,162617.46928322763,139738.7658165588,179337.49817159746,8.489767152694792,NA,112.54123085839471,0.4970324192819925,3669097.5865861247,-5149345.82034232,2188849.3528299294,2188849.3528299294,Sellers
GLP,NW,68229.10897291737,391925.9753417969,76613.96059145633,57099.48582295792,42133.55871320756,64331.830795312926,2.8922476879216603,NA,112.54123085839471,0.4970324192819925,1252541.4882865206,-1602333.90491511,902749.0716579313,902749.0716579313,Sellers
GUF,NW,75808.84106783231,478709.48724365234,88558.06794404521,74517.86673593111,450897.78628886957,86887.0000294671,21.543186620778712,NA,112.54123085839471,0.4970324192819925,145287.8403187554,-173099.54127353817,117476.13936397259,117476.13936397259,Sellers
PAK,NE,115692.92110560385,4121421.1795043945,138704.30529760662,128940.52201534394,18045189.208541825,154880.2213466177,1220.6657326603436,NA,634.4628174716414,0.6539454089860431,8405110.19793358,5518657.83110385,22328878.22697101,5518657.83110385,Buyers
PRK,NE,52100.45000938287,1570755.1475219727,63567.580443051564,74458.37047637299,47442496.17591156,90314.38052105349,2497.149402399846,NA,634.4628174716414,0.6539454089860431,14185269.21229343,31686471.816096157,60057010.24068302,31686471.816096157,Buyers
FJI,SW,145848.39823487398,133293.1297607422,165462.95163416656,186327.2321467984,618934.504783377,212302.6603161771,38.413134978495364,NA,5.691912280174956,0.653313666492578,230401.97183044508,255239.40319218978,716043.34685308,255239.40319218978,Buyers
BRA,NW,335876.5724276302,1756694.8778686523,368898.61102759716,362516.4227610919,5623513.679495217,398586.53522083705,185.24604747965185,NA,112.54123085839471,0.4970324192819925,2998081.546411198,868737.2552153668,6864900.348037763,868737.2552153668,Buyers
LBY,NE,274483.48802416405,21732752.113098145,353301.78895876213,202186.97745173823,1408535.288091098,265001.2699257493,28.90907899087893,NA,634.4628174716414,0.6539454089860431,45869447.791149594,-66193664.61615664,25545230.966142546,25545230.966142546,Sellers
PER,SW,494845.8292352075,338586.4112548828,561507.9005200606,507971.8128731207,424837.9207039804,576095.5475332165,7.4845419968261835,NA,5.691912280174956,0.653313666492578,74711.94745801363,11539.56199108393,160963.45690711122,11539.56199108393,Buyers
MEX,NW,1826026.0358389893,14613954.427124023,2119928.49444994,1659107.319908156,5756061.357934564,1927079.4971330492,22.18794472303626,NA,112.54123085839471,0.4970324192819925,18785237.74415871,-27643130.81334817,9927344.674969252,9927344.674969252,Sellers
LKA,NE,394227.35688910086,6075171.002075195,461458.3973755211,322455.2649475223,1504033.8184558302,376934.31669363595,9.496802794269211,NA,634.4628174716414,0.6539454089860431,45536723.66908762,-50107860.85270698,40965586.48546825,40965586.48546825,Sellers
TZA,SE,164531.83326412438,203040.51599121094,177039.99438073486,158261.68126803119,157712.62774249827,170185.94326674528,4.20418975674448,NA,43.94122165676092,0.73678586023015,275518.13868191285,-320846.02693062555,230190.25043320018,230190.25043320018,Sellers
GRD,NW,10774.443280243455,214689.09509277344,12007.290536511884,17210.51981242395,1246976.2217371524,19476.95905267859,236.2802709289753,NA,112.54123085839471,0.4970324192819925,724323.9748304216,307963.1518139574,1756611.1014748006,307963.1518139574,Buyers
BRA,SW,1239057.454018044,3947115.998779297,1490073.3790202914,1651777.2596558507,22143924.850819822,2004725.0187149015,188.04405707006399,NA,5.691912280174956,0.653313666492578,2349164.929981253,15847643.922059271,20545973.78202178,15847643.922059271,Buyers
NCL,SE,935002.0341465033,3143786.3775634766,1036034.9143268098,716833.4591211927,784086.1970705029,791579.797293965,3.0719409099157304,NA,43.94122165676092,0.73678586023015,9586593.71372685,-11946293.894219823,7226893.533233876,7226893.533233876,Sellers
UMI,NW,817174.3350576166,4596914.193725586,913477.440084659,590085.6770077308,1458614.440005293,660220.2853835303,3.732370046703528,NA,112.54123085839471,0.4970324192819925,25556837.090915248,-28695136.84463554,22418537.337194957,22418537.337194957,Sellers
SLV,NW,58446.924492020495,215784.45458984375,69357.18919915656,53946.49031012794,92677.31467423828,64254.87725678715,23.581919542314818,NA,112.54123085839471,0.4970324192819925,506484.40222738055,-629591.542142986,383377.26231177506,383377.26231177506,Sellers
UMI,SW,275635.74572204024,743309.9735107422,307602.7089627796,239978.69824643072,579931.8808547421,267855.0994781766,3.8643264069119443,NA,5.691912280174956,0.653313666492578,202956.78640120325,-366334.8790572033,39578.6937452032,39578.6937452032,Sellers
MMR,NE,174909.11513878283,5827180.96862793,222284.49786054654,266061.86931933777,221693534.2406394,349224.62586459727,3740.5615508221276,NA,634.4628174716414,0.6539454089860431,57833033.23769483,158033320.03431663,273699386.50970626,158033320.03431663,Buyers
BGD,NE,28308.136951125183,175373.71350097656,34882.857681738824,57942.708385844504,173807325.88735643,74982.18175568388,8497.34763237805,NA,634.4628174716414,0.6539454089860431,18802033.687036645,154829918.48681882,192433985.8608921,154829918.48681882,Buyers
TGO,NE,11056.788701996207,310839.36376953125,12272.431304208223,7960.8878654372675,158040.20279484335,8831.031030641281,36.61421767812378,NA,634.4628174716414,0.6539454089860431,1964233.9673759965,-2117033.1283506844,1811434.8064013086,1811434.8064013086,Sellers
UMI,NE,335293.8224579665,1608556.2553710938,380120.27889259637,241411.5521697359,643688.3149840169,272608.3226621773,4.192865890305905,NA,634.4628174716414,0.6539454089860431,59564809.71770497,-60529677.658092044,58599941.77731789,58599941.77731789,Sellers
SPM,NW,3579.2045181955145,13666.009521484375,4434.322725867193,11868.36454790587,5322692.865638308,14043.319578878334,1119.692777906856,NA,112.54123085839471,0.4970324192819925,932872.2725258111,4376154.583591012,6241899.128642635,4376154.583591012,Buyers
NGA,NE,102053.35760810491,2818935.2346191406,113613.55880683646,112617.64724607507,24556148.89544905,126562.70479516026,3995.005839527221,NA,634.4628174716414,0.6539454089860431,6702648.968293012,15034564.692536898,28439862.62912292,15034564.692536898,Buyers
PRI,NW,105628.77952380409,341185.1540527344,120211.76884362835,98996.46027705842,293081.2890273727,112877.93576129823,5.613405763623216,NA,112.54123085839471,0.4970324192819925,746409.3714745787,-794513.2364999404,698305.5064492171,698305.5064492171,Sellers
REU,SE,260469.82187973423,853823.22412109375,291583.58889674075,192980.98768089694,386201.0328140148,216002.15166733187,2.582696737028666,NA,43.94122165676092,0.73678586023015,2965541.822887496,-3433164.014194575,2497919.631580417,2497919.631580417,Sellers
MOZ,SE,358654.3180555509,1889650.6430664062,385358.9080839016,366310.019644133,2347424.1727283266,393612.92285944626,71.36160976429575,NA,43.94122165676092,0.73678586023015,336400.88044190157,121372.64922001882,794174.4101038219,121372.64922001882,Buyers
GUM,NE,164999.34615027218,1221253.8466796875,203952.15345596682,118799.52922819596,301448.44899972714,146621.52827476285,4.006845257460227,NA,634.4628174716414,0.6539454089860431,29312066.011054497,-30231871.408734456,28392260.61337454,28392260.61337454,Sellers
VEN,NW,260987.98640086624,2648811.503173828,286856.4456425168,292116.2202136453,9842171.094658192,321090.39195048006,323.5092649169618,NA,112.54123085839471,0.4970324192819925,3503209.7477380577,3690149.8437463064,10696569.339222422,3690149.8437463064,Buyers
TUV,SE,393458.36940576363,2276695.789794922,509306.1201067685,301978.0966434657,1192645.8832943584,391937.7449357437,5.080312292336202,NA,43.94122165676092,0.73678586023015,4019754.942669083,-5103804.849169646,2935705.0361685194,2935705.0361685194,Sellers
MDV,NE,473908.8385971656,4863721.121582031,570729.4700933656,411935.5579888976,2238250.2104960405,496070.0247821063,17.94286223010221,NA,634.4628174716414,0.6539454089860431,39319742.22268235,-41945213.13376834,36694271.31159636,36694271.31159636,Sellers
MTQ,NW,34516.24960522643,143944.27124023438,38651.09442163167,32730.31517973174,118496.23393573143,36639.912566258296,14.249144280565625,NA,112.54123085839471,0.4970324192819925,200991.25847755265,-226439.2957820556,175543.2211730497,175543.2211730497,Sellers
MDV,SE,170197.43181166763,959673.015625,209165.2515464093,135452.4160628115,309618.3105656963,166477.0691568356,6.77792575443535,NA,43.94122165676092,0.73678586023015,1526738.438488136,-2176793.14354744,876683.7334288324,876683.7334288324,Sellers
KIR,SE,386365.921328525,3463748.828125,467383.4330133163,308379.81398308836,2408902.7972170506,371585.71561919386,10.955612088614329,NA,43.94122165676092,0.73678586023015,3426804.8290137826,-4481650.859921732,2371958.798105833,2371958.798105833,Sellers
ASM,SW,241871.97609665475,834512.3142089844,316788.55593430134,204367.25443972033,647097.2985712213,267808.3582016239,4.597974508787555,NA,5.691912280174956,0.653313666492578,213473.58576364865,-400888.6014014117,26058.57012588554,26058.57012588554,Sellers
BES,NW,13793.743453433144,408568.9755859375,14966.13828708629,15059.780503906723,612982.214732933,16312.063647401323,161.4591287597247,NA,112.54123085839471,0.4970324192819925,142481.3679726281,61931.87117436738,346894.6071196236,61931.87117436738,Buyers
TUV,SW,87636.87288293378,256687.70239257812,112602.58381678179,85356.01539993481,244278.8630560796,109652.84734383944,5.440427308146783,NA,5.691912280174956,0.653313666492578,12982.44071681076,-25391.28005330928,573.6013803122332,573.6013803122332,Sellers
GNQ,SE,210656.8933437887,1016749.0625,224407.88029345137,157892.92842910197,351496.97485732427,168093.93439820094,2.499711502968981,NA,43.94122165676092,0.73678586023015,2318513.0778058055,-2983765.165448481,1653260.9901631298,1653260.9901631298,Sellers
COM,SE,129525.84012760998,445845.9013671875,138805.49271887666,111864.76816498156,352942.02194680675,119818.5628014356,4.558060000551978,NA,43.94122165676092,0.73678586023015,776049.0778058607,-868952.9572262415,683145.1983854799,683145.1983854799,Sellers
SYC,SE,921126.6191022219,5064752.7626953125,1006759.0157758261,783268.5482330939,3097127.8476133114,856874.1683374653,6.452954564929237,NA,43.94122165676092,0.73678586023015,6057652.049233809,-8025276.96431581,4090027.134151808,4090027.134151808,Sellers
GIN,NW,39534.766829513756,646016.27490234375,42594.56174145579,60666.129906485236,10703970.386373598,65367.571894401925,1323.1677637328205,NA,112.54123085839471,0.4970324192819925,2378149.610398005,7679804.501073249,12436103.72186926,7679804.501073249,Buyers
FRA,NW,450926.74264343927,3637303.0688476562,504413.7993986174,429612.02177023573,2951762.3549090754,480609.4206550464,28.94852161351405,NA,112.54123085839471,0.4970324192819925,2398784.9224734437,-3084325.6364120245,1713244.2085348628,1713244.2085348628,Sellers
GNB,NW,48544.018788485264,366638.318359375,51490.41907644626,69431.04220008013,8620423.664818887,73827.0574964761,735.9334392169665,NA,112.54123085839471,0.4970324192819925,2350651.3237089934,5903134.022750518,10604436.670168504,5903134.022750518,Buyers
MDG,SE,819864.0229490031,5377075.098144531,893596.7201439346,779361.9586992634,4443242.264630809,849766.7074221107,15.136839648042129,NA,43.94122165676092,0.73678586023015,1779710.1827541867,-2713543.0162679087,845877.3492404651,845877.3492404651,Sellers
VIR,NW,31711.67988555512,155928.21923828125,35289.10738796718,26692.45862362833,89613.4508613725,29772.81229642456,5.910433185133167,NA,112.54123085839471,0.4970324192819925,564869.3387678664,-631184.1071447751,498554.57039095764,498554.57039095764,Sellers
DMA,NW,23939.961096327053,89907.1953125,26689.806419683417,21156.602460087655,71659.4327835533,23587.538546950276,4.897790485998896,NA,112.54123085839471,0.4970324192819925,313242.6068427248,-331490.36937167146,294994.8443137781,294994.8443137781,Sellers
KIR,SW,1212411.1427596076,4993751.719238281,1417327.772051778,1083894.5091813852,4312398.7561558625,1264496.0080875836,5.044086671142254,NA,5.691912280174956,0.653313666492578,731505.4048706297,-1412858.3679530486,50152.44178821053,50152.44178821053,Sellers
KIR,NW,475777.65480164153,3140525.7099609375,518929.6851970813,350966.91066661244,1314768.0710416052,382441.81607561593,4.843168573250837,NA,112.54123085839471,0.4970324192819925,14046354.769308344,-15872112.408227677,12220597.13038901,12220597.13038901,Sellers
NRU,NE,101611.92970417341,750270.4736328125,123060.72578417891,73160.58938700486,255297.55419813644,88638.80772050605,4.095187572550743,NA,634.4628174716414,0.6539454089860431,18051317.53847526,-18546290.457909938,17556344.619040582,17556344.619040582,Sellers
MHL,NE,1601663.6008541803,15076071.439941406,1866459.6069749543,1151608.3319421306,4343292.93218699,1348861.5431197844,4.431659501251063,NA,634.4628174716414,0.6539454089860431,285543333.93189627,-296276112.43965065,274810555.4241418,274810555.4241418,Sellers
PLW,NE,483952.03205098613,5299785.6650390625,589949.5245929465,348445.46307671,1368218.978388142,426470.23749576334,4.695722314233498,NA,634.4628174716414,0.6539454089860431,85973879.53733455,-89905446.22398546,82042312.85068363,82042312.85068363,Sellers
ECU,SW,67467.17996617315,310190.5732421875,73750.89751180861,374097.7851206247,9064330.695088891,415163.0916052529,38.01708312632296,NA,5.691912280174956,0.653313666492578,1745314.5069561012,7008825.614890602,10499454.628802804,7008825.614890602,Buyers
WLF,SE,2313.546450898754,6651.80712890625,2995.8759605716064,1665.7534446471027,4789.301132812499,2157.0306916115564,2.8751560731889314,NA,43.94122165676092,0.73678586023015,28464.816075403316,-30327.322071497067,26602.310079309565,26602.310079309565,Sellers
NRU,SE,133369.83158920927,988758.50732421875,166074.1257472292,108775.76093042857,432409.99748062127,135428.520438285,6.755980769798072,NA,43.94122165676092,0.73678586023015,1080693.5102595226,-1637042.02010312,524345.0004159252,524345.0004159252,Sellers
SLB,SE,913526.7477599463,7201008.759765625,1111476.5780050638,816493.1922504475,5248108.858288384,991845.4206558462,8.773832296686077,NA,43.94122165676092,0.73678586023015,4263772.970786503,-6216672.872263744,2310873.0693092616,2310873.0693092616,Sellers
LCA,NW,2633.169303797879,8601.0927734375,2989.645503584728,5827.699409834996,1101691.622244166,6483.631151808821,576.0765512586053,NA,112.54123085839471,0.4970324192819925,359516.35014761536,733574.179323113,1452606.879618344,733574.179323113,Buyers
ECU,NW,395635.77010000206,10930887.239257812,436608.0315050915,313689.0367306671,7174304.44203987,345902.9833698832,35.38901940576148,NA,112.54123085839471,0.4970324192819925,9222386.238209642,-12978969.035427585,5465803.4409917,5465803.4409917,Sellers
IRN,NE,29403.161416536183,2053624.6948242188,36439.34147320415,87954.46253840999,75664193.6277387,108308.326013343,1701.8757522184965,NA,634.4628174716414,0.6539454089860431,37148623.47641454,36461945.45649994,110759192.40932903,36461945.45649994,Buyers
BRN,NE,26594.352482628,5712041.7939453125,33639.41763029393,26217.233341980394,5473338.913664703,33156.64623504244,632.9641074984895,NA,634.4628174716414,0.6539454089860431,239268.07249776457,-477970.95277837384,565.1922171553597,565.1922171553597,Sellers
FSM,NE,2106806.124338993,33120402.109375,2626787.879949906,1516900.4095240748,10185748.292352276,1897211.394572577,9.097863459780898,NA,634.4628174716414,0.6539454089860431,374273241.86409557,-397207895.6811183,351338588.0470728,351338588.0470728,Sellers
CIV,NW,134519.49120480413,2543775.7578125,150556.22971743922,109645.5740580762,745360.241445744,122983.65345069699,45.316735246947644,NA,112.54123085839471,0.4970324192819925,2799341.25196249,-4597756.768329246,1000925.7355957339,1000925.7355957339,Sellers
SEN,NW,99171.93765361136,751717.271484375,107674.46486895237,94804.54773542217,660394.5959275406,102741.5581086352,17.90626709604681,NA,112.54123085839471,0.4970324192819925,491511.4370315553,-582834.1125883898,400188.76147472084,400188.76147472084,Sellers
MSR,NW,2639.4597188736348,10560.8984375,2955.1053658909836,3869.2035737973006,971777.2797778603,4280.68075911744,781.6395076843266,NA,112.54123085839471,0.4970324192819925,138396.88707365654,822819.4942667037,1099613.2684140168,822819.4942667037,Buyers
KIR,NE,388722.74385603593,16157692.258789062,451935.60536149493,279880.37557634583,2237972.5822191453,328173.8527245259,11.050745589744409,NA,634.4628174716414,0.6539454089860431,69056435.6390182,-82976155.31558812,55136715.96244828,55136715.96244828,Sellers
GNQ,NE,45684.68013612496,1582508.1279296875,55355.6369515637,37528.2429393973,760332.15422052145,44373.580589142526,75.9703292300539,NA,634.4628174716414,0.6539454089860431,5174956.124366328,-5997132.098075494,4352780.150657162,4352780.150657162,Sellers
MRT,NW,100765.94054890935,1354076.9951171875,120004.23087311086,91097.65390527513,858847.8272514936,107582.26156398174,28.015169907837226,NA,112.54123085839471,0.4970324192819925,1088080.8791663724,-1583310.0470320662,592851.7113006784,592851.7113006784,Sellers
MYS,NE,40733.06760138509,3913861.6953125,51962.436725772015,284698.797697885,692471206.2472119,351865.95911740774,5648.415345201251,NA,634.4628174716414,0.6539454089860431,154787184.48355138,533770160.06834805,843344529.0354508,533770160.06834805,Buyers
KNA,NW,5315.733607170318,56325.7958984375,5895.046496741617,5809.093124182158,248428.55941617233,6421.972330743114,389.3768274325685,NA,112.54123085839471,0.4970324192819925,55523.28730021566,136579.47621751917,247626.05081795048,136579.47621751917,Buyers
YEM,NE,359866.96298087406,14758845.592773438,417453.56372066995,320229.12778238737,3884133.9511715327,370039.9942783889,41.78589823634292,NA,634.4628174716414,0.6539454089860431,25148732.598508462,-36023444.24011037,14274020.956906557,14274020.956906557,Sellers
FSM,SE,26282.951947789737,266329.7822265625,33848.24011447397,18923.72540240861,119364.01772778392,24390.01864816031,7.445863306274936,NA,43.94122165676092,0.73678586023015,323373.4048529111,-470339.16935168963,176407.6403541325,176407.6403541325,Sellers
OMN,NE,376352.50774915784,31817813.897460938,440377.6989756661,320506.4139689609,21639032.060143474,371369.24260106427,100.50170832374464,NA,634.4628174716414,0.6539454089860431,35432270.00456928,-45611051.841886744,25253488.167251814,25253488.167251814,Sellers
STP,NE,94299.07404956348,5811194.1494140625,104601.4772730659,69874.69726881359,649340.9584268668,77437.94762553493,16.34208391214765,NA,634.4628174716414,0.6539454089860431,15496358.907303518,-20658212.09829071,10334505.716316322,10334505.716316322,Sellers
GMB,NW,11241.099909164332,160241.369140625,11983.503842286425,11938.181638560147,1825956.0158658419,12745.212324137789,2389.5543040110206,NA,112.54123085839471,0.4970324192819925,78450.43583510348,1587264.2108901134,1744165.0825603204,1587264.2108901134,Buyers
CPV,NW,666314.1297989244,9043144.142578125,718113.2913848085,521404.2017557568,5524819.849484933,561248.0002496201,13.18829464290446,NA,112.54123085839471,0.4970324192819925,16308341.665579494,-19826665.958672687,12790017.3724863,12790017.3724863,Sellers
KOR,NE,81583.06990606757,5494364.8271484375,96924.94581047466,197033.55691956062,159755590.51582313,240354.73117352332,2140.1339583745885,NA,634.4628174716414,0.6539454089860431,73249041.26905395,81012184.41962074,227510266.95772862,81012184.41962074,Buyers
STP,SE,22593.29145397736,264435.314453125,24616.521010888704,16267.169846863697,167148.67870358186,17718.53922604199,13.160232494268174,NA,43.94122165676092,0.73678586023015,277977.51176580606,-375264.1475153492,180690.87601626292,180690.87601626292,Sellers
CMR,NE,2551.30072659551,21931.537109375,3073.748640436932,7931.279088027627,23845077.580431975,10836.934846438693,5647.885924289487,NA,634.4628174716414,0.6539454089860431,3413396.229130686,20409749.814191915,27236542.272453286,20409749.814191915,Buyers
ITA,NE,239585.56615251818,22015847.900390625,308460.5939134496,318863.6909948929,107526481.02111971,400674.48208673584,1322.8224943072717,NA,634.4628174716414,0.6539454089860431,50299022.4513616,35211610.66936749,135809655.5720907,35211610.66936749,Buyers
THA,NE,51248.85646300164,6359719.12109375,70072.80780698535,156161.595774216,181811718.700769,212606.373040357,2628.8473865219667,NA,634.4628174716414,0.6539454089860431,66563232.1720609,108888767.40761435,242015231.75173616,108888767.40761435,Buyers
ESH,NW,139863.34959094963,2391206.099609375,164720.6343550818,154608.03466770853,4705316.018547424,182857.84848022473,174.65625273144232,NA,112.54123085839471,0.4970324192819925,1659385.0071578515,654724.9117801976,3973494.9260959006,654724.9117801976,Buyers
FRO,NW,81444.24513404287,4719131.11328125,99730.50608472059,125178.9173404095,14385845.091069441,150840.0693109837,435.74576766852636,NA,112.54123085839471,0.4970324192819925,4921953.841292927,4744760.136495264,14588667.819081118,4744760.136495264,Buyers
ERI,NE,39268.02613828245,3592629.111328125,56210.26289666492,40192.87842763007,4572342.569082729,57502.877753633715,1059.3188437103538,NA,634.4628174716414,0.6539454089860431,586784.3892445923,392929.0685100113,1566497.8469991959,392929.0685100113,Buyers
GRC,NE,325023.52455231483,75861628.93073945,410863.84632812307,271548.79394909117,44147622.94415385,345786.1939021013,562.6371481397449,NA,634.4628174716414,0.6539454089860431,33927728.24205829,-65641734.22864389,2213722.2554726973,2213722.2554726973,Sellers
CYP,NE,69444.39134745828,6783963.2109375,91525.52510811074,51295.97515918041,1174235.645796604,66678.46543232146,79.269464873590735,NA,634.4628174716414,0.6539454089860431,11514495.267462725,-17124222.83260362,5904767.702321829,5904767.702321829,Sellers
MLT,NE,34033.359394545005,4672039.58203125,42844.70182420226,33752.75293059073,4570690.087645428,42490.91670309494,361.18018436787287,NA,634.4628174716414,0.6539454089860431,178034.3677211837,-279383.86210700544,76684.87333536148,76684.87333536148,Sellers
ESP,NE,117010.7893966136,10670459.951171875,139830.42477265233,121570.1504148569,13952592.588650169,145077.53415210245,816.9174406971881,NA,634.4628174716414,0.6539454089860431,2892745.037505009,389387.59997328464,6174877.674983303,389387.59997328464,Buyers
FRA,NE,42082.22549721289,2283293.71484375,54658.97481151502,59050.260318646906,20557647.64534461,75394.67380386866,1337.5437763599705,NA,634.4628174716414,0.6539454089860431,10765587.179763949,7508766.750736913,29039941.110264808,7508766.750736913,Buyers
GAB,NE,10179.664782623327,717248.984375,12308.726050367262,7329.358643488795,277093.06701795384,8745.388415558868,53.17153616699738,NA,634.4628174716414,0.6539454089860431,1808413.263692012,-2248569.181049058,1368257.346334966,1368257.346334966,Sellers
VNM,NE,363832.0820111753,55705399.48828125,428276.98914507683,463832.4106202691,168403882.53868663,546284.0154220485,1738.2034596709427,NA,634.4628174716414,0.6539454089860431,63446490.237415634,49251992.81298975,176144973.28782102,49251992.81298975,Buyers
ISR,NE,13931.846681285953,495737.8125,18134.08262100384,14418.82806436336,1188390.4481404857,18767.731981941848,1422.3390456188895,NA,634.4628174716414,0.6539454089860431,308971.58036352857,383681.0552769571,1001624.2160040142,383681.0552769571,Buyers
LBN,NE,10112.783641279488,247206.453125,12746.455898949069,10177.54630293792,288313.7629945771,12830.097710801878,634.7378075098629,NA,634.4628174716414,0.6539454089860431,41089.50078277204,17.80908680507855,82196.81065234914,17.80908680507855,Buyers
KHM,NE,12840.093446540493,2992585.8046875,18184.311835215485,22017.650649966712,10957350.887428746,30912.17407235564,1087.816383454084,NA,634.4628174716414,0.6539454089860431,5822818.800792957,2141946.281948289,13787583.883534202,2141946.281948289,Buyers
DZA,NE,65471.62986013793,2898485.796875,75668.0122770092,65138.407911480324,2848552.8248105026,75299.61922468538,149.84898883658028,NA,634.4628174716414,0.6539454089860431,211416.93638869587,-261349.9084531933,161483.96432419866,161483.96432419866,Sellers
GHA,NW,100219.08233326889,4092888.87109375,110634.9474585689,96705.40889799988,3806942.185788568,106860.21041990927,68.64179835760373,NA,112.54123085839471,0.4970324192819925,395433.13323961856,-681379.8185448004,109486.44793443661,109486.44793443661,Sellers
CHN,NE,71242.00801161116,13515172.2890625,81804.16454001248,572730.1437332882,4128774851.1651735,688033.290897341,18611.577923529814,NA,634.4628174716414,0.6539454089860431,318175575.5185761,3797084103.357535,4433435254.394687,3797084103.357535,Buyers
GHA,NE,57895.882538236205,4410982.03125,64478.00423146192,49381.560848466,1995535.599437781,54749.027167467415,57.46487846335804,NA,634.4628174716414,0.6539454089860431,5402020.528151513,-7817466.959963732,2986574.0963392938,2986574.0963392938,Sellers
PNG,SE,586396.5686050407,23300323.305636115,671539.6634239414,1278861.9386931853,70838051.52403992,1546851.5594280614,205.7238341128108,NA,43.94122165676092,0.73678586023015,30427774.31667415,17109953.90172966,77965502.53507796,17109953.90172966,Buyers
PHL,NE,1013484.8269590496,71295400.90625,1219371.3619915375,1190661.7405729692,304083798.2666832,1427174.4702450738,1735.4240095931136,NA,634.4628174716414,0.6539454089860431,112412163.80241707,120376233.55801615,345200561.16285026,120376233.55801615,Buyers
PNG,NE,184611.92421270517,9287829.7734375,236912.30941518937,132920.5854331477,5622980.527182267,170595.44056659797,44.65735766784395,NA,634.4628174716414,0.6539454089860431,32796232.440959148,-36461081.68721438,29131383.194703914,29131383.194703914,Sellers
DZA,NW,6662.748400107226,417586.40625,7437.737485046289,13200.154640327437,5169092.624078657,14478.206162881728,1211.303867127042,NA,112.54123085839471,0.4970324192819925,735727.744895733,4015778.4729329236,5487233.9627243895,4015778.4729329236,Buyers
NOR,NE,171848.45659151446,48278878.703125,208604.37162683962,441393.3886659074,443276322.19618434,528585.0245658342,2710.212448150681,NA,634.4628174716414,0.6539454089860431,171016237.03912154,223981206.4539378,566013680.5321809,223981206.4539378,Buyers
DEU,NE,1654.266652060436,81302.1796875,1801.8663576870906,27210.345436452837,49195972.87688756,31643.224852727457,3279.2076804280414,NA,634.4628174716414,0.6539454089860431,16214381.749072844,32900288.948127218,65329052.4462729,32900288.948127218,Buyers
SYR,NE,5800.266652981343,1261688.828125,7531.945910178935,7007.013978954705,3745927.7544551417,9083.8155553948,2058.6239329980335,NA,634.4628174716414,0.6539454089860431,765636.3084134283,1718602.6179167135,3249875.23474357,1718602.6179167135,Buyers
MAR,NW,47361.453422042614,3817579.0416154447,55470.091306379945,174335.56416064614,156997833.26425254,201314.27001193547,5315.692284635219,NA,112.54123085839471,0.4970324192819925,14289822.709672555,138890431.51296455,167470076.93230966,138890431.51296455,Buyers
GBR,NE,3491.6045283090252,494233.3203125,4214.261888388855,104530.96085210274,261208583.76619235,122768.49419879192,3443.1998269309834,NA,634.4628174716414,0.6539454089860431,64105714.68871527,196608635.75716457,324820065.1345951,196608635.75716457,Buyers
TUR,NE,62453.36197835882,9394159.4140625,98222.0941333032,132677.6672458664,130854512.39996153,201356.5719090113,2576.9020971659133,NA,634.4628174716414,0.6539454089860431,44554710.57501149,76905642.41088754,166015063.56091052,76905642.41088754,Buyers
SAU,NE,41415.10299200874,10550000.890625,59618.02324455016,117156.27739635731,489236226.74775785,160224.80036099398,9629.592836524631,NA,634.4628174716414,0.6539454089860431,48054958.91119397,430631266.9459389,526741184.7683268,430631266.9459389,Buyers
NOR,NW,1072.3232188005516,104676.6953125,1364.7170596121143,772.0727175363971,75367.220625,982.5962829207223,97.61673857028504,NA,112.54123085839471,0.4970324192819925,33790.56097811794,-63100.035665617936,4481.086290617939,4481.086290617939,Sellers
FIN,NE,59860.00185878643,17378916.078125,75154.85334194188,42740.67877271477,10398689.91152976,52992.28214843225,342.4890649563598,NA,634.4628174716414,0.6539454089860431,10861573.958396344,-17841800.12499158,3881347.7918011043,3881347.7918011043,Sellers
SWE,NE,82609.02801185298,26070339.90625,102229.57485308319,86638.75430892757,28819370.80041839,107546.33764635399,768.8601428256097,NA,634.4628174716414,0.6539454089860431,2556711.5000815117,192319.39408688014,5305742.394249905,192319.39408688014,Buyers
MNE,NE,3776.0757773260257,994159.5625,4598.461539195026,5523.1442253666355,2779892.155065228,6689.958456106982,1022.1308698969306,NA,634.4628174716414,0.6539454089860431,1108449.9698596534,677282.6227055748,2894182.5624248814,677282.6227055748,Buyers
SDN,NE,9553.822343663782,3402172.25,14466.330470746241,35129.479125390644,161944793.4991487,48509.1128054271,8822.098108650423,NA,634.4628174716414,0.6539454089860431,16226803.260422118,142315817.9887266,174769424.5095708,142315817.9887266,Buyers
DNK,NE,3082.3159661197387,1080705.125,3493.8792953315674,54053.10634476389,104750052.40609051,65258.947209070044,3321.3106041249166,NA,634.4628174716414,0.6539454089860431,32339071.272390995,71330276.00869952,136008418.55348152,71330276.00869952,Buyers
EST,NE,28474.889056155313,11371829.90625,33513.00179945061,21389.089924546093,7620415.645780489,24720.58732622465,465.7657596125285,NA,634.4628174716414,0.6539454089860431,4495676.081078895,-8247090.3415484065,744261.8206093842,744261.8206093842,Sellers
TUN,NE,9930.38620019802,3807749.5625,12339.756341797238,55933.4022058774,62821486.61674146,66834.4601940958,2093.49616662598,NA,634.4628174716414,0.6539454089860431,29187203.147156358,29826533.907085106,88200940.20139782,29826533.907085106,Buyers
ALB,NE,3941.766733012245,1196669.875,4651.543922695741,7012.805627951673,3892168.135469702,8391.493330516627,906.3506872167219,NA,634.4628174716414,0.6539454089860431,1948459.989848266,747038.2706214362,4643958.250317968,747038.2706214362,Buyers
DJI,NE,2243.260082595031,710297.8125,3013.203979319116,3293.861641474673,2184407.6057650764,4368.4615248549,1403.1102284267135,NA,634.4628174716414,0.6539454089860431,666567.6250868763,807542.1681782,2140677.418351953,807542.1681782,Buyers
LVA,NE,20982.682601482855,9474175.0625,24939.11394004135,20190.44633692766,9016938.061094252,23842.171399770195,577.1472752039014,NA,634.4628174716414,0.6539454089860431,502644.45251289755,-959881.4539186452,45407.451107149944,45407.451107149944,Sellers
QAT,NE,4654.888810026743,1842708.25,5535.167327435991,22258.90345130796,21477544.565720115,25878.462690729655,3173.7677259860498,NA,634.4628174716414,0.6539454089860431,11169092.728119308,8465743.587600807,30803929.043839425,8465743.587600807,Buyers
BLM,NW,0,0,0,3925.839735909234,1835988.8972021402,4238.503180558,603.1078686449636,NA,112.54123085839471,0.4970324192819925,441818.83603202045,1394170.0611701198,2277807.7332341606,1394170.0611701198,Buyers
HRV,NE,3592.742453667228,1659883.75,4562.603076797342,37660.431215407836,54706599.400846414,43525.856909140304,1985.9617003401927,NA,634.4628174716414,0.6539454089860431,21614681.796520922,31432033.854325492,74661397.44736734,31432033.854325492,Buyers
LTU,NE,0,0,0,4338.229322517878,3624932.33365273,4873.5540853842285,950.492561969564,NA,634.4628174716414,0.6539454089860431,2752445.198802783,872487.134849947,6377377.532455513,872487.134849947,Buyers
POL,NE,0,0,0,14690.633011729367,13423627.677412722,17230.441967353378,1103.7030032054242,NA,634.4628174716414,0.6539454089860431,9320660.41106372,4102967.2663490027,22744288.08847644,4102967.2663490027,Buyers
ARE,NE,0,0,0,29043.971458362732,48892558.8248782,34113.395321830256,2403.948265780252,NA,634.4628174716414,0.6539454089860431,18427319.962038755,30465238.862839445,67319878.78691696,30465238.862839445,Buyers
NLD,NE,0,0,0,36781.57416422748,119223948.71273163,45568.39575191543,4083.2131477689804,NA,634.4628174716414,0.6539454089860431,23336541.1752779,95887407.53745373,142560489.88800952,95887407.53745373,Buyers
GGY,NW,0,0,0,2397.9247136506992,5800357.245160464,2865.6044214762255,2479.240060624573,NA,112.54123085839471,0.4970324192819925,269865.3987800134,5530491.846380451,6070222.643940478,5530491.846380451,Buyers
BEL,NE,0,0,0,2483.8228439109344,7202403.809609043,2776.520149640528,3157.54526544911,NA,634.4628174716414,0.6539454089860431,1575893.2396481563,5626510.569960887,8778297.0492572,5626510.569960887,Buyers
KWT,NE,0,0,0,6515.837164333156,44684092.01941554,7777.2562316846015,9778.126721658242,NA,634.4628174716414,0.6539454089860431,4134056.4054692443,40550035.613946296,48818148.42488479,40550035.613946296,Buyers
BHR,NE,0,0,0,4900.356901664322,46006778.63198353,5728.0173087856365,18011.41791513357,NA,634.4628174716414,0.6539454089860431,3109094.246446549,42897684.38553698,49115872.87843008,42897684.38553698,Buyers
IRQ,NE,0,0,0,1376.1911150181181,16513056,1925.1962742189294,11999.100866003337,NA,634.4628174716414,0.6539454089860431,873142.092213835,15639913.907786164,17386198.092213836,15639913.907786164,Buyers
SGP,NE,0,0,0,1674.3768667719685,28640724.48,2215.109803340932,17105.3035002905,NA,634.4628174716414,0.6539454089860431,1062329.8644014823,27578394.61559852,29703054.344401482,27578394.61559852,Buyers
