iso3,province,mkt_tb,mkt_tc,mkt_area,bau_tb,bau_tc,bau_area,mc_stop,pct_protected,trading_price,pixel_fraction,rect,mkt_tc_b,mkt_tc_s,savings,transaction
NZL,Subantarctic New Zealand,63224.848724167176,1188.945663780905,80966.90531822991,63224.848724167176,1188.945663780905,80966.90531822991,0.029328722891391646,NA,0.029328722891391646,0.24499611707823232,0,0,0,0,Doesn't participate
ATF,Subantarctic Islands,0,0,0,0,0,0,NA,0.14953026683459347,NA,NA,NA,NA,NA,NA,Doesn't participate
HMD,Subantarctic Islands,0,0,0,0,0,0,NA,0.21762127923238644,NA,NA,NA,NA,NA,NA,Doesn't participate
CAN,Arctic,605658.2411835531,1018.5837727759372,777564.3450201274,290298.6164505741,81.34352312219836,378790.4855888432,8.63575989114817e-4,NA,0.007806674056487947,0.0227514715928826,2461.909800866722,-3399.150050520461,1524.6695512129832,1524.6695512129832,Sellers
ARG,Magellanic,24324.0749929581,3546.1012551411986,28992.43661371839,58749.84226068295,11955280.264245171,69300.91037335571,544.6618064811903,NA,3.144268750872505,0.8311401462702283,108243.86424471678,11843490.298745314,12059978.027234746,11843490.298745314,Buyers
IRL,Northern European Seas,85837.3259266312,419818.61687244475,100346.04263265106,32225.452723677725,1720.5477688613894,37954.1960342253,0.39841605621591214,NA,17.59719889939863,0.2094302825695259,943418.7961217118,-1361516.865225295,525320.7270181285,525320.7270181285,Sellers
RUS,Arctic,86842.590561021,240.80407025665045,105982.04334822956,206503.3211661132,4333.916970234499,255352.3730729235,0.08826935111246845,NA,0.007806674056487947,0.0227514715928826,934.1523211951665,3158.960578782682,5027.265221173015,3158.960578782682,Buyers
PCN,Southeast Polynesia,102995.05589003036,1356.5881854128374,134835.67620191906,39961.36226467119,144.42684000503147,52409.68308765453,0.0077630798387159075,NA,0.03416651137409599,0.810326484870791,2153.641410202116,-3365.802755609922,941.4800647943098,941.4800647943098,Sellers
PYF,Southeast Polynesia,375801.74784254306,435.78199607133865,489562.4614684134,310261.8755942481,211.03307419193828,403861.67191882286,0.001252580161352095,NA,0.03416651137409599,0.810326484870791,2239.2687906281667,-2464.017712507567,2014.5198687487664,2014.5198687487664,Sellers
SJM,Arctic,5695.095394772285,17.92507590353489,6901.29179572078,0,0,0,NA,0.1278161270065519,0.007806674056487947,0.0227514715928826,44.459753467592776,-62.384829371127665,26.534677564057887,26.534677564057887,Doesn't participate
GRL,Arctic,8088.0299588973785,27.439527042210102,9416.520525883892,77926.01708448627,106047.89342607022,94736.27202438064,4.04179808254128,NA,0.007806674056487947,0.0227514715928826,545.2024022506741,105475.25149677733,106565.6563012787,105475.25149677733,Buyers
TKL,Central Polynesia,184280.72940479717,654.2945736050606,234262.01587980328,27692.817245670034,19.976762262767526,35081.42184684974,9.00387114814925e-4,NA,0.060618710645324404,0.5578884209812955,9492.157337729603,-10126.475149071895,8857.83952638731,8857.83952638731,Sellers
UKR,Black Sea,14471.764045998832,406.02729469537735,24416.704639884418,8135.090083972248,13.704676498926627,13713.914816037262,0.005372713922331576,NA,10.976582350920323,0.4178435329938043,69555.02357511736,-69947.34619331382,69162.7009569209,69162.7009569209,Sellers
ISL,Northern European Seas,132571.0190706727,390543.3948482575,160074.08120490814,35581.731546474286,98.19393924074447,43351.14774237045,0.007426513616234385,NA,17.59719889939863,0.2094302825695259,1706739.7836742816,-2097184.984583298,1316294.5827652647,1316294.5827652647,Sellers
ZAF,Agulhas,67948.90988500245,116.33669355135137,74565.68339070094,67948.90988500245,116.33669355135137,74565.68339070094,0.0023579164134655164,NA,0.0023579164134655164,0.07312999997888114,0,0,0,0,Doesn't participate
ZAF,Subantarctic Islands,0,0,0,25338.300699236184,25.45200639228715,31544.121082388683,0.0011224018790038793,NA,NA,NA,NA,NA,NA,NA,Buyers
NIU,Tropical Southwestern Pacific,204477.37795191727,925.6896905899048,249253.8751703518,28700.80910136555,37.38992371768788,35184.68603002773,0.0017630132510310995,NA,0.01660601278226652,0.022113998104214105,2918.947949155213,-3807.2477160274298,2030.648182282996,2030.648182282996,Sellers
ZAF,Benguela,36591.673974102574,81.35045909881592,40804.11473098569,22001.032382057863,32.50714980590295,24559.202498049934,0.002582409634855811,NA,0.0038977950934087494,0.9661886203885798,56.871331207157496,-105.71464050007046,8.028021914244526,8.028021914244526,Sellers
WLF,Central Polynesia,23542.044570200826,427.79568791389465,29887.505822538824,14865.06521631526,110.60507936333507,18745.028298686368,0.02249215701231653,NA,0.060618710645324404,0.5578884209812955,525.9873007286429,-843.1779092792026,208.79669217808333,208.79669217808333,Sellers
NAM,Benguela,38813.10186597703,104.8409897426863,45358.55473059666,46778.59770064586,138.77921898789873,54461.18451092358,0.004576989291284995,NA,0.0038977950934087494,0.9661886203885798,31.04787058094002,2.890358664272405,64.98609982615244,2.890358664272405,Buyers
GEO,Black Sea,1464.9214311502308,2.7752718925476074,2281.301538398671,1605.2478009455272,10664.74109536795,2515.8302801773707,75.97977371629246,NA,10.976582350920323,0.4178435329938043,1540.303954063769,9121.661869411633,12202.269777539172,9121.661869411633,Buyers
BMU,Tropical Northwestern Atlantic,81055.23532086951,1045.1525730364206,90631.55815431222,36563.138374522954,348.12145038216556,40840.41926871303,0.0138175918234534,NA,0.017345231489855395,0.852653135384347,771.7257210034694,-1468.7568436577244,74.6945983492144,74.6945983492144,Sellers
MNP,Tropical Northwestern Pacific,170632.28368323555,5784.585341930389,189094.8988059573,67142.7545328555,333.4230264305072,73527.75726668241,0.006022491267841114,NA,0.8360660267873528,0.2521511635554017,86524.07945085218,-91975.24176635206,81072.9171353523,81072.9171353523,Sellers
TWN,South China Sea,98726.74267314683,589460.8685379028,110256.5590302016,19759.51129655862,115.17855884995488,22057.631369561703,0.009220826363170453,NA,27.409328832603038,0.19877961046843207,2164438.8118011546,-2753784.5017802073,1575093.1218221018,1575093.1218221018,Sellers
SHN,St. Helena and Ascension Islands,85655.17441841456,591.862773094287,94721.56011010268,85655.17441841456,591.862773094287,94721.56011010268,0.008127656337454998,NA,0.008127656337454998,0.10427063251457125,0,0,0,0,Doesn't participate
CHL,Easter Island,0,0,0,0,0,0,NA,0.21925564016741303,NA,NA,NA,NA,NA,NA,Doesn't participate
BHS,Tropical Northwestern Atlantic,116893.93383994291,1488.5259189605713,140805.97996325203,53401.35442075898,529.126523872449,63522.8013610196,0.013392346384862149,NA,0.017345231489855395,0.852653135384347,1101.2934879137738,-2060.692883001896,141.89409282565146,141.89409282565146,Sellers
JAM,Tropical Northwestern Atlantic,52499.085449468905,590.7984571456909,59130.83015800834,24190.974531064905,219.5390291227829,26930.21477493106,0.011155533130899748,NA,0.017345231489855395,0.852653135384347,491.0107369202204,-862.2701649431284,119.75130889731236,119.75130889731236,Sellers
AIA,Tropical Northwestern Atlantic,28979.18455717451,359.32719707489014,34683.021089219415,8600.63995180453,60.97250523108259,10511.395990319528,0.008572810877191481,NA,0.017345231489855395,0.852653135384347,353.4705736064862,-651.8252654502937,55.115881762678654,55.115881762678654,Sellers
CRI,Tropical East Pacific,71125.02939152425,566.907038596742,80898.47621845722,49095.72346647286,345.9495015777484,55791.43792443559,0.009048986264418342,NA,0.011055017516688635,0.5207673737139453,243.53436288193586,-464.4918999009295,22.5768258629422,22.5768258629422,Sellers
TCA,Tropical Northwestern Atlantic,24189.85522210583,302.6030282974243,31104.459234335518,7675.057724448345,61.837582032936496,9858.515491986751,0.012846129761690757,NA,0.017345231489855395,0.852653135384347,286.45298560495365,-527.2184318694415,45.68753934046583,45.68753934046583,Sellers
CYM,Tropical Northwestern Atlantic,32154.467635886693,370.6722707748413,37909.7320668492,10272.494836062195,71.51658252118449,12110.446970198533,0.010194503446411707,NA,0.017345231489855395,0.852653135384347,379.54788366767514,-678.703571921332,80.39219541401832,80.39219541401832,Sellers
ISL,Arctic,922.0053628553253,5.713598728179932,1143.6087621478794,20474.554302883796,16654.299203553965,24617.70971212395,3.3616389349748395,NA,0.007806674056487947,0.0227514715928826,152.64037654833118,16495.945228277455,16801.225981374115,16495.945228277455,Buyers
ATG,Tropical Northwestern Atlantic,42439.51469100652,541.5544357299805,49472.64595719371,10321.069344978483,90.34762138418876,12143.865377487577,0.0105484771710977,NA,0.017345231489855395,0.852653135384347,557.101869621125,-1008.3086839669168,105.89505527533333,105.89505527533333,Sellers
DOM,Tropical Northwestern Atlantic,15525.990263001064,174.5476999282837,19914.991252928874,3528.236356779854,25.83228194174377,4527.5710356903155,0.008708457946499073,NA,0.017345231489855395,0.852653135384347,208.10381886172368,-356.8192368482636,59.38840087518376,59.38840087518376,Sellers
COG,Gulf of Guinea,10913.715818272747,1385.0984649658203,12244.533205329279,922.5245287944716,6.11211265172716,982.9794160616209,0.006625420203963891,NA,0.2655664533088832,0.2740621676991082,2653.3252350773528,-4032.3115873914458,1274.3388827632596,1274.3388827632596,Sellers
GAB,Gulf of Guinea,2895.363581196804,21.31716537475586,3059.0998038048274,19767.74714101715,35473.20928485086,21360.61315681322,2.378560893757523,NA,0.2655664533088832,0.2740621676991082,4480.739060848598,30971.153058627508,39932.6311803247,30971.153058627508,Buyers
HTI,Tropical Northwestern Atlantic,29087.93229611585,334.70302963256836,32450.623442804826,9236.246092705656,82.341210670341,10318.541389572187,0.010670908686089714,NA,0.017345231489855395,0.852653135384347,344.3320926621184,-596.6939116243457,91.97027369989102,91.97027369989102,Sellers
AUS,Tropical Southwestern Pacific,18484.445875946385,234.80170846915433,20518.438078768384,0,0,0,NA,0.21682840249746815,0.01660601278226652,0.022113998104214105,306.9529444890793,-541.7546529582337,72.15123601992497,72.15123601992497,Doesn't participate
USA,Cold Temperate Northeast Pacific,217530.70404331927,214319.33142378367,255788.08279058157,183244.59195254376,162281.2988139716,215250.89694448872,1.4777774503690435,NA,1.5639036994267923,0.8490714813635873,53620.177537725496,-105658.21014753757,1582.1449279134104,1582.1449279134104,Sellers
HND,Tropical Northwestern Atlantic,12372.373091004049,151.88799476623535,14633.2495583768,18295.5414658178,259.34402022568844,21816.94317982712,0.01907785477401474,NA,0.017345231489855395,0.852653135384347,102.73872661453511,4.717298844917977,210.19475207398818,4.717298844917977,Buyers
CUW,Tropical Northwestern Atlantic,10932.160188424084,150.7238368988037,11977.04644485658,3345.1954297228017,36.2839209263459,3684.0686932658564,0.010952199733563593,NA,0.017345231489855395,0.852653135384347,131.59766004504863,-246.03757601750644,17.157744072590816,17.157744072590816,Sellers
CUB,Tropical Northwestern Atlantic,2424.346043382303,26.824766159057617,2906.2722583789987,27552.658212778657,3615.6499732544403,34494.36876208848,0.1614102017171459,NA,0.017345231489855395,0.852653135384347,435.8563915275302,3152.9688155678523,4024.681598622913,3152.9688155678523,Buyers
GBR,Northern European Seas,34408.98031884029,316325.12295150757,40734.883241249154,65787.49381258665,1949627.9711545082,77918.8485172802,95.56968547465286,NA,17.59719889939863,0.2094302825695259,552173.9431169186,1081128.905086082,2185476.7913199193,1081128.905086082,Buyers
TON,Tropical Southwestern Pacific,83666.55603862808,1265.602933883667,93924.95242815363,43899.74806832703,632.6324264621178,49456.088407838484,0.0152868185134277,NA,0.01660601278226652,0.022113998104214105,660.3681214647573,-1293.3386288863067,27.397614043208137,27.397614043208137,Sellers
GUY,North Brazil Shelf,49403.84366446909,1599.2977696811583,56925.957958703286,13195.347840033286,195.90992353195261,15194.336423334562,0.018344911927093414,NA,0.16205352474550516,0.7476673487590217,5867.714374082727,-7271.102220231933,4464.326527933521,4464.326527933521,Sellers
BRB,Tropical Northwestern Atlantic,10642.155371144228,174.27003860473633,11966.962229423887,17873.509119199123,307.00920379905466,20113.319467595375,0.018635132808633874,NA,0.017345231489855395,0.852653135384347,125.42950474504559,7.309660449272741,258.1686699393639,7.309660449272741,Buyers
CHL,Magellanic,94388.25485461796,228245.8723647729,116460.0839218388,59962.48758689308,127941.75816751209,73982.68316017483,2.6678558018186402,NA,3.144268750872505,0.8311401462702283,108243.86424471687,-208547.97844197767,7939.750047456066,7939.750047456066,Sellers
ABW,Tropical Northwestern Atlantic,2722.581752195887,40.40782165527344,2983.188554120127,3018.2093327471243,46.530533862785354,3308.304489283565,0.020710896446452316,NA,0.017345231489855395,0.852653135384347,5.127728819447084,0.9949833880648331,11.250441026959002,0.9949833880648331,Buyers
BLZ,Tropical Northwestern Atlantic,2342.427367101243,35.23478317260742,2939.717670823638,3205.978794027469,85.27493570480792,4058.6991201582546,0.057946928198956534,NA,0.017345231489855395,0.852653135384347,14.97849940343034,35.06165312877015,65.01865193563083,35.06165312877015,Buyers
TON,Central Polynesia,51654.216326663045,1857.8869667053223,62135.235069839655,12289.311240417215,247.59583308361425,14823.956768346341,0.023893624548921282,NA,0.060618710645324404,0.5578884209812955,2386.249791003795,-3996.540924625503,775.958657382087,775.958657382087,Sellers
USA,Arctic,0,0,0,109285.85078690154,293286.24700488,135938.5160351675,4.80494516666733,NA,0.007806674056487947,0.0227514715928826,853.1590160793171,292433.08798880066,294139.4060209593,292433.08798880066,Buyers
AUS,Northeast Australian Shelf,0,0,0,0,0,0,NA,0.34718709962873934,NA,NA,NA,NA,NA,NA,Doesn't participate
AUS,East Central Australian Shelf,35312.172887738125,1291.840546517368,39105.09981490152,35312.172887738125,1291.840546517368,39105.09981490152,0.05819487896167271,NA,0.05819487896167271,0.30615142068149226,0,0,0,0,Doesn't participate
VGB,Tropical Northwestern Atlantic,0,0,0,6800.063590063197,159.92058629042361,8207.761950713553,0.02479365216848083,NA,0.017345231489855395,0.852653135384347,117.94867711538329,41.971909175040324,277.8692634058069,41.971909175040324,Buyers
ROU,Black Sea,6144.487434619546,23237.517166137695,8887.265216810956,2792.9422096803473,1736.9317148280436,4299.567305915611,1.1898779792045353,NA,10.976582350920323,0.4178435329938043,36788.51216437889,-58289.097615688544,15287.926713069237,15287.926713069237,Sellers
COK,Central Polynesia,175923.70969857925,8713.819920988944,216514.14418897856,83768.40420502782,3605.055006700928,103475.34001162586,0.05020015966202814,NA,0.060618710645324404,0.5578884209812955,5586.335798145068,-10695.100712433084,477.57088385705174,477.57088385705174,Sellers
BGR,Black Sea,5671.947230248338,10346.334087371826,9016.236129251602,2280.261348276573,61.741730069524756,3626.897239430813,0.02800508305550653,NA,10.976582350920323,0.4178435329938043,37229.11939191691,-47513.71174921921,26944.527034614606,26944.527034614606,Sellers
TTO,Tropical Northwestern Atlantic,0,0,0,5148.032353935012,255.09286546115186,5883.618665947815,0.07364715847680801,NA,0.017345231489855395,0.852653135384347,89.29381289626797,165.79905256488388,344.38667835741984,165.79905256488388,Buyers
EGY,Mediterranean Sea,64879.51629799409,83310.43681335449,83085.5472700598,15229.606407492307,2299.75156138719,19502.11751168901,0.2867315554724391,NA,11.96435628042497,0.33522164967158674,594029.2112209589,-675039.8964729261,513018.52596899157,513018.52596899157,Sellers
COK,Southeast Polynesia,6977.54619661184,224.6906967163086,8775.018756957847,82034.59297569268,3415.010400767278,102425.10565851344,0.04886358629036367,NA,0.03416651137409599,0.810326484870791,2564.43744248352,625.8822615674494,5754.75714653449,625.8822615674494,Buyers
IDN,Western Coral Triangle,368221.6458648597,22530.246663256064,451913.35470835265,225991.8769850984,12473.611312320574,278299.7694132482,0.06521926014014856,NA,0.07520963883100322,0.23147028776555278,10697.049548463907,-20753.6848993994,640.4141975284165,640.4141975284165,Sellers
SUR,North Brazil Shelf,36814.78755397772,2910.859962463379,42610.79665909382,11776.605671777023,618.1190681339912,13651.5131782976,0.06783917142825845,NA,0.16205352474550516,0.7476673487590217,4057.52562722967,-6350.266521559058,1764.7847329002825,1764.7847329002825,Sellers
AUS,Southeast Australian Shelf,31370.364391340543,1865.389476225908,36020.500335070356,31370.364391340543,1865.389476225908,36020.500335070356,0.07298594223785425,NA,0.07298594223785425,0.33487646857499676,0,0,0,0,Doesn't participate
AGO,Gulf of Guinea,76130.95724367324,12433.20336151123,81716.26379657065,39415.62941014545,4665.895784001388,42341.9190636914,0.16320293827747084,NA,0.2655664533088832,0.2740621676991082,9750.359394822897,-17517.66697233274,1983.051817313055,1983.051817313055,Sellers
URY,Warm Temperate Southwestern Atlantic,31126.081295632463,12212.745567321777,37154.94764699152,10925.7704686761,689.9576950454674,13007.006834190259,0.10199934653457339,NA,1.8306059980523095,0.8659216251224451,36978.81016234732,-48501.59803462363,25456.02229007101,25456.02229007101,Sellers
SOM,Somali/Arabian,137409.13619838824,10141.630497540105,149377.03832955705,43203.76269323366,2416.403028010945,46979.56794686097,0.06479167233470767,NA,0.10344581271576068,0.8037387053697029,9745.151424432504,-17470.378893961664,2019.923954903344,2019.923954903344,Sellers
COL,Tropical Northwestern Atlantic,0,0,0,36176.643289519154,4655.13658179285,39699.86029824405,0.18664281617352813,NA,0.017345231489855395,0.852653135384347,627.4922523826335,4027.6443294102164,5282.6288341754835,4027.6443294102164,Buyers
MUS,Central Indian Ocean Islands,175649.53447640658,12941.48595774002,196558.40779329592,59234.139140160194,3453.688672279386,66910.24397648481,0.06809614400953092,NA,0.09280325858614387,0.4301716631293415,10803.72803679784,-20291.525322258472,1315.930751337206,1315.930751337206,Sellers
NFK,Lord Howe and Norfolk Islands,16812.670861293074,830.0012359619141,18806.492599475405,414.02021589166316,18.836854783789793,461.3326417909331,0.04549742756696412,NA,0.05940800758890709,0.8124384890015025,974.2111619898433,-1785.3755431679674,163.046780811719,163.046780811719,Sellers
AUS,Lord Howe and Norfolk Islands,11082.310221639804,605.827689635053,12412.547249864463,27228.315260799238,1663.8735764297694,30536.55953374496,0.06882853832930125,NA,0.05940800758890709,0.8124384890015025,959.2019898969157,98.84389689780062,2017.247876691632,98.84389689780062,Buyers
SLE,Gulf of Guinea,75838.04230691837,6147.049613952637,85636.46484038512,15898.072090879643,848.9755544872752,18055.52987860717,0.058170909084332756,NA,0.2655664533088832,0.2740621676991082,15918.045301713499,-21216.119361178862,10619.971242248137,10619.971242248137,Sellers
IDN,Tropical Northwestern Pacific,4889.698533028426,295.6284637451172,6149.59177072617,1623.511745225605,77.4521721028132,2028.7922796114879,0.047706567156402285,NA,0.8360660267873528,0.2521511635554017,2730.747810423651,-2948.924102065955,2512.571518781347,2512.571518781347,Sellers
SOM,Red Sea and Gulf of Aden,47369.44189599088,15607.135452270508,60245.60982641043,11801.016771823126,1152.6141591101095,14908.92563262105,0.12946735472527596,NA,6.0861117905915005,0.6775441259125609,216473.41152096834,-230927.93281412873,202018.89022780795,202018.89022780795,Sellers
SOM,Western Indian Ocean,133748.7391363845,13279.224014282227,144614.20502978994,20623.953285313488,1266.1752450217273,22311.068298820577,0.07548568042447522,NA,0.3890949137647325,0.10500278175601829,44016.27879537631,-56029.32756463681,32003.230026115813,32003.230026115813,Sellers
AUS,Subantarctic Islands,0,0,0,0,0,0,NA,0.19364033492526966,NA,NA,NA,NA,NA,NA,Doesn't participate
CXR,Java Transitional,48602.865550268754,5337.239074707031,54295.18359271346,32246.782069071825,3174.266131140046,36057.52838536415,0.11810520432997974,NA,0.13752723278827544,0.9924202595603009,2249.406900423037,-4412.379843990022,86.43395685605174,86.43395685605174,Sellers
RUS,Cold Temperate Northwest Pacific,270728.93979269546,2899781.802797626,326017.64553199295,234297.11480949793,2455252.7839630945,281702.644769729,12.030501928704926,NA,12.359842896412761,0.6701321132390458,450291.6332219269,-894820.6520564582,5762.614387395792,5762.614387395792,Sellers
CCK,Java Transitional,84812.09406131097,9675.559790405825,96533.77601333469,43537.33265339414,4262.465783743631,49772.53630186879,0.12035387373716995,NA,0.13752723278827544,0.9924202595603009,5676.403720427105,-11089.4977270893,263.30971376491107,263.30971376491107,Sellers
AGO,Benguela,0,0,0,6625.145757375889,575.0195728525537,7361.594774537,0.13535193695958025,NA,0.0038977950934087494,0.9661886203885798,25.823460626217532,549.1961122263361,600.8430334787712,549.1961122263361,Buyers
AUS,Southwest Australian Shelf,34465.02780803332,3484.3387580029093,40351.679997168154,34465.02780803332,3484.3387580029093,40351.679997168154,0.1141619143314257,NA,0.1141619143314257,0.21340214482018882,0,0,0,0,Doesn't participate
PRT,Lusitanian,219462.0835886764,285282.50565475965,248911.0361520527,132860.7089140696,123344.50206047588,150945.4984547778,1.5821601629158528,NA,2.267684678912475,0.7822076714721193,196384.6105223647,-358322.61411664844,34446.60692808093,34446.60692808093,Sellers
PAN,Tropical Northwestern Atlantic,0,0,0,12827.643748953784,3196.233997690239,15919.284152664995,0.39807382535444497,NA,0.017345231489855395,0.852653135384347,222.49845029499988,2973.7355473952393,3418.7324479852387,2973.7355473952393,Buyers
SHN,Tristan Gough,63500.88166115436,6851.515479905242,71983.47335104935,63500.88166115436,6851.515479905242,71983.47335104935,0.11733256423271943,NA,0.11733256423271943,0.8780470493287023,0,0,0,0,Doesn't participate
IND,Central Indian Ocean Islands,2539.2890168456433,216.2551727294922,3041.6894357048623,36190.819997093866,6063.594648040527,43345.79372871521,0.2592948510039784,NA,0.09280325858614387,0.4301716631293415,3122.9717313796073,2724.367743931428,8970.311206690643,2724.367743931428,Buyers
VUT,Tropical Southwestern Pacific,0,0,0,58487.77230038806,8442.08642928035,66736.80405612083,0.1752742584695091,NA,0.01660601278226652,0.022113998104214105,971.2486944265378,7470.837734853813,9413.33512370689,7470.837734853813,Buyers
KEN,Western Indian Ocean,54472.2703983605,7237.7860107421875,58355.85746443625,10653.388900571845,1015.0626450626914,11421.71630470378,0.09959077757111671,NA,0.3890949137647325,0.10500278175601829,17049.70391764911,-23272.427283328605,10826.980551969613,10826.980551969613,Sellers
AUS,West Central Australian Shelf,26310.4039963117,3572.629761686636,29372.982446892194,26310.4039963117,3572.629761686636,29372.982446892194,0.14998507210437878,NA,0.14998507210437878,0.8060076675885027,0,0,0,0,Doesn't participate
NIC,Tropical Northwestern Atlantic,0,0,0,11420.991141475572,1760.8525566718383,14000.617540565765,0.20668533753894897,NA,0.017345231489855395,0.852653135384347,198.0997351924816,1562.7528214793567,1958.95229186432,1562.7528214793567,Buyers
ZAF,Western Indian Ocean,42879.98627071939,7139.492736816406,46052.07893599495,7201.525725650859,767.8018496792243,7718.749091818503,0.11625997255607864,NA,0.3890949137647325,0.10500278175601829,13882.307529041851,-20253.998416179034,7510.616641904669,7510.616641904669,Sellers
IDN,Java Transitional,2671.760946365616,289.196044921875,3045.633050216637,60302.60583547938,564967.1322667886,68736.2391944279,12.532056531373414,NA,0.13752723278827544,0.9924202595603009,7925.810620850142,556752.1256010166,572603.7468427169,556752.1256010166,Buyers
AUS,Northwest Australian Shelf,61826.338506593216,10500.044630349928,67594.69118882313,59743.50203471465,10049.623324080285,65277.151496854145,0.2158047137593241,NA,0.21703724603304372,0.2809817899537307,452.0530917937053,-902.4743980633489,1.6317855240613426,1.6317855240613426,Sellers
NZL,Southern New Zealand,131354.09576548822,27046.34361419831,157527.83656416714,131354.09576548822,27046.34361419831,157527.83656416714,0.2589752654113956,NA,0.2589752654113956,0.37964813658363805,0,0,0,0,Doesn't participate
CAN,Cold Temperate Northwest Atlantic,71692.0706903725,113724.58848571777,84357.64324022872,84589.58712063651,150268.06613416865,99015.76689379248,2.965017108689305,NA,2.5325619162056654,0.18234637927194286,32663.758924923495,3879.7187235273814,69207.23657337436,3879.7187235273814,Buyers
NZL,Northern New Zealand,104015.02551441173,26153.856350555725,118422.85992870593,104015.02551441173,26153.856350555725,118422.85992870593,0.3393985307973656,NA,0.3393985307973656,0.09282368348277759,0,0,0,0,Doesn't participate
JPN,Tropical Northwestern Pacific,312126.54709701345,156524.72807345385,340276.6286876226,113780.76264464491,34551.747013427856,124071.25453284913,0.4167565591770882,NA,0.8360660267873528,0.2521511635554017,165830.17193711243,-287803.15299713844,43857.19087708644,43857.19087708644,Sellers
ESP,Lusitanian,37616.01953991551,17161.734100341797,42461.62977789947,61713.99889975269,99661.52134337259,69315.70315732437,4.1586393747444355,NA,2.267684678912475,0.7822076714721193,54646.618587051824,27853.168655978967,137146.4058300826,27853.168655978967,Buyers
BEN,Gulf of Guinea,8427.962162169984,1466.092529296875,9211.939870549026,4281.953728144553,659.5912897853314,4687.032083559128,0.19158708168685737,NA,0.2655664533088832,0.2740621676991082,1101.0407552128506,-1907.5419947243943,294.539515701307,294.539515701307,Sellers
COD,Gulf of Guinea,5756.915470388003,796.1085510253906,6112.159540499396,1173.0386682638145,161.06404702294537,1238.6734122371095,0.13730497670748762,NA,0.2655664533088832,0.2740621676991082,1217.323904744986,-1852.3684087474312,582.2794007425408,582.2794007425408,Sellers
TLS,Western Coral Triangle,0,0,0,4515.796100342099,914.1517833663057,5296.581620411392,0.2755478325113085,NA,0.07520963883100322,0.23147028776555278,339.631393741182,574.5203896251237,1253.7831771074877,574.5203896251237,Buyers
GTM,Tropical East Pacific,0,0,0,9800.81499519513,1767.7645681409385,11937.405475995041,0.2012210300799919,NA,0.011055017516688635,0.5207673737139453,108.34818144970681,1659.4163866912318,1876.1127495906453,1659.4163866912318,Buyers
WLF,"Marshall, Gilbert and Ellis Islands",11606.54064794334,14748.407623291016,14979.152862415065,2037.1386750661406,315.5657651273476,2652.080527110102,0.15490637382214642,NA,2.740422252702217,0.9038175045465943,26224.202111525177,-40657.04396968885,11791.360253361509,11791.360253361509,Sellers
VCT,Tropical Northwestern Atlantic,0,0,0,3246.844892634582,566.208760359805,3616.3800737485826,0.2590568187913957,NA,0.017345231489855395,0.852653135384347,56.31727627440151,509.8914840854035,622.5260366342064,509.8914840854035,Buyers
FJI,Tropical Southwestern Pacific,0,0,0,96245.07850259243,23934.132718396973,108347.16104286097,0.30402289587347653,NA,0.01660601278226652,0.022113998104214105,1598.2470038442943,22335.885714552678,25532.37972224127,22335.885714552678,Buyers
WSM,Central Polynesia,0,0,0,11880.576586354106,2380.299402264564,15281.616140878365,0.22544789898971399,NA,0.060618710645324404,0.5578884209812955,720.1852343878155,1660.1141678767485,3100.4846366523793,1660.1141678767485,Buyers
LBR,Gulf of Guinea,50752.21588591534,12169.677339031392,56118.46392546248,24844.335584937555,5498.091660727718,27555.72813133559,0.24057630565383614,NA,0.2655664533088832,0.2740621676991082,6880.263884281751,-13551.849562585427,208.67820597807713,208.67820597807713,Sellers
GLP,Tropical Northwestern Atlantic,0,0,0,8723.53255628524,1725.167899119486,9853.707296585037,0.2205626263466393,NA,0.017345231489855395,0.852653135384347,151.31169159805748,1573.8562075214286,1876.4795907175435,1573.8562075214286,Buyers
JPN,South Kuroshio,99174.20039268109,42764.63219011375,106514.80290044364,71130.72252428759,26711.199052227348,76429.634863286,0.5190315506309255,NA,0.6237222023239472,0.8159016379953526,17491.339776897265,-33544.772914783665,1437.9066390108637,1437.9066390108637,Sellers
FJI,"Marshall, Gilbert and Ellis Islands",153150.79667876044,96557.84075927734,195006.3172587247,23259.473082744764,6754.206385509278,29272.93718919419,0.3466901049032531,NA,2.740422252702217,0.9038175045465943,355957.0736154659,-445760.70798923395,266153.43924169784,266153.43924169784,Sellers
CRI,Tropical Northwestern Atlantic,0,0,0,881.3243278516579,198.8771961170261,1129.188041222613,0.22565721815692413,NA,0.017345231489855395,0.852653135384347,15.286774484228218,183.59042163279787,214.16397060125433,183.59042163279787,Buyers
MUS,Western Indian Ocean,311087.10330627486,105745.05727688958,352326.2841156546,116204.57555378739,35192.821455786456,132369.5694729988,0.3272234357506489,NA,0.3890949137647325,0.10500278175601829,75827.80033010719,-146380.0361512103,5275.564509004063,5275.564509004063,Sellers
GUF,North Brazil Shelf,0,0,0,11384.674084656144,3991.3215537871065,12834.862445924487,0.5589023275813343,NA,0.16205352474550516,0.7476673487590217,1844.9265634973358,2146.3949902897707,5836.248117284442,2146.3949902897707,Buyers
PAK,Somali/Arabian,0,0,0,11249.182046583866,3398.0458343370824,13357.45617106814,0.3665456981533566,NA,0.10344581271576068,0.8037387053697029,1163.6807791964122,2234.36505514067,4561.726613533495,2234.36505514067,Buyers
ARG,Warm Temperate Southwestern Atlantic,12220.841211686327,6625.647766113281,14314.710707560946,23823.146371968123,232763.08649181074,27974.264080398152,45.848154539311565,NA,1.8306059980523095,0.8659216251224451,21239.24941764512,204898.18930805233,247376.6881433426,204898.18930805233,Buyers
NIC,Tropical East Pacific,0,0,0,5777.821510909496,1595.0376202383432,7126.390857084172,0.2957745009822621,NA,0.011055017516688635,0.5207673737139453,63.873918011404875,1531.1637022269383,1658.911538249748,1531.1637022269383,Buyers
PRK,Cold Temperate Northwest Pacific,32490.9178105228,120543.57135009766,39928.74845659322,11375.584378334763,3655.0555513231907,13877.752920504012,0.370079432198501,NA,12.359842896412761,0.6701321132390458,260982.20392721618,-377870.71972599067,144093.68812844172,144093.68812844172,Sellers
WLF,Tropical Southwestern Pacific,0,0,0,265.4920812305509,73.07250854492194,327.4156134243313,0.2752342299861909,NA,0.01660601278226652,0.022113998104214105,4.40876489450507,68.66374365041688,77.48127343942701,68.66374365041688,Buyers
BRA,Tropical Southwestern Atlantic,198025.32134072832,231733.69671717388,224390.19352054325,198025.32134072832,231733.69671717388,224390.19352054325,1.5562204877095853,NA,1.5562204877095853,0.7445471322647541,0,0,0,0,Doesn't participate
PAK,West and South Indian Shelf,23647.07998295702,11712.386840820312,28443.055712938698,8450.064372427012,2739.2042398590165,10075.643538569842,0.35095081320765004,NA,4.258210248152451,0.2314709007298028,64712.08761409165,-73685.27021505295,55738.90501313035,55738.90501313035,Sellers
LBY,Mediterranean Sea,136682.69861780648,243062.02911376953,180134.0098401702,30889.67711068223,13988.624284905258,40818.44046311971,0.5632153766581243,NA,11.96435628042497,0.33522164967158674,1265745.4012938961,-1494818.8061227603,1036671.9964650319,1036671.9964650319,Sellers
PER,Tropical East Pacific,0,0,0,9793.853737946232,3890.3846895832403,11081.201663310705,0.4598256058140847,NA,0.011055017516688635,0.5207673737139453,108.27122462888207,3782.1134649543583,3998.6559142121223,3782.1134649543583,Buyers
PER,Warm Temperate Southeastern Pacific,147699.14983817877,70344.87834391222,164946.68508501345,67812.9510065583,29377.439875147993,75785.86176229012,0.473335184270017,NA,0.5391699202482484,0.10767550896677036,43072.23545298052,-84039.67392174475,2104.7969842162966,2104.7969842162966,Sellers
COL,Tropical East Pacific,0,0,0,30289.95104010377,15074.259916367146,34295.7734831827,0.5510216956861447,NA,0.011055017516688635,0.5207673737139453,334.8559393279883,14739.403977039157,15409.115855695134,14739.403977039157,Buyers
MEX,Tropical East Pacific,0,0,0,0,0,0,NA,0.2076228204646205,0.011055017516688635,0.5207673737139453,0,0,0,0,Doesn't participate
MEX,Warm Temperate Northeast Pacific,92514.05940946337,86450.08008619212,104673.36141812548,83305.36642549843,75420.16187422884,94062.29601374659,1.1567571582518443,NA,1.226170319732787,0.8041488320802734,11291.42602046936,-22321.344232432635,261.50780850608135,261.50780850608135,Sellers
LKA,West and South Indian Shelf,76204.6371338573,97382.3077326975,89228.62570125842,47027.17728859866,26116.72932888012,55178.014098586296,0.6922440072529035,NA,4.258210248152451,0.2314709007298028,124243.75852813694,-195509.3369319543,52978.18012431955,52978.18012431955,Sellers
TZA,Western Indian Ocean,0,0,0,24178.867971504766,13320.148346659273,26005.48678189669,0.591222246577035,NA,0.3890949137647325,0.10500278175601829,9407.8745483014991,3912.2737983577736,22728.02289496077,3912.2737983577736,Buyers
GRD,Tropical Northwestern Atlantic,0,0,0,2629.3849713425484,1351.5517609502874,2935.8101720492195,0.5140182117418101,NA,0.017345231489855395,0.852653135384347,45.6072910038833,1305.944469946404,1397.1590519541708,1305.944469946404,Buyers
MEX,Tropical Northwestern Atlantic,0,0,0,52074.450104793345,57953.49182783659,64068.84445462609,1.4443800694856863,NA,0.017345231489855395,0.852653135384347,903.2433917745651,57050.24843606202,58856.73521961115,57050.24843606202,Buyers
NCL,Tropical Southwestern Pacific,0,0,0,109516.22292129335,81271.40228602587,121148.72014991078,0.7980182600890602,NA,0.01660601278226652,0.022113998104214105,1818.6277976965468,79452.77448832932,83090.03008372242,79452.77448832932,Buyers
UMI,Central Polynesia,0,0,0,86945.07992995181,117971.11724575548,96988.08533667662,1.7412379425159865,NA,0.060618710645324404,0.5578884209812955,5270.498642308351,112700.61860344713,123241.61588806382,112700.61860344713,Buyers
SLV,Tropical East Pacific,0,0,0,8241.82490849177,5278.638844591458,9747.769254329081,0.6742555424657914,NA,0.011055017516688635,0.5207673737139453,91.11351873285722,5187.525325858601,5369.752363324315,5187.525325858601,Buyers
MMR,Bay of Bengal,53063.955303844625,86342.09265136719,64585.267489641425,22444.394409355064,23968.782670943685,27366.54075085631,1.7119902639361877,NA,2.5462835604541882,0.8739451787953574,77966.0845339647,-140339.3945143882,15592.774553541203,15592.774553541203,Sellers
EGY,Red Sea and Gulf of Aden,4421.8598208216645,4596.77099609375,5523.241388387915,5840.092580473885,20754.046854330532,7309.565053467535,11.392541702533281,NA,6.0861117905915005,0.6775441259125609,8631.523120322503,7525.752737914279,24788.798978559287,7525.752737914279,Buyers
BRA,Warm Temperate Southwestern Atlantic,50022.59469805937,71883.44174768904,58764.8743701447,58620.60036473393,88090.71463548322,69058.51297511025,1.937436214551573,NA,1.8306059980523095,0.8659216251224451,15739.560744702194,467.7121430919906,31946.833632496375,467.7121430919906,Buyers
BGD,Bay of Bengal,16665.820082776496,26003.971313476562,20369.545097067537,8852.358225615135,10487.393012548264,10832.461105750279,1.661769234445677,NA,2.5462835604541882,0.8739451787953574,19895.289477125825,-35411.867778054126,4378.711176197527,4378.711176197527,Sellers
TGO,Gulf of Guinea,0,0,0,1216.2467572195828,998.9650848688252,1371.6173555677647,0.821350666662843,NA,0.2655664533088832,0.2740621676991082,322.99433766323494,675.9707472055902,1321.9594225320602,675.9707472055902,Buyers
MEX,Warm Temperate Northwest Atlantic,9040.980069798969,9785.055419921875,11184.747843855635,7959.499789156708,7884.935322385583,9832.459941621315,1.7569623150297882,NA,2.2989751397838853,0.8863527405556595,2486.296279363056,-4386.416376899348,586.1761818267642,586.1761818267642,Sellers
USA,Cold Temperate Northwest Atlantic,54101.32877278322,90314.0074511301,60821.92489794163,41176.761075700226,60542.74383464067,46435.78959770655,2.1066250293286566,NA,2.5325619162056654,0.18234637927194286,32732.267933054354,-62503.53154954379,2961.0043165649186,2961.0043165649186,Sellers
MMR,Andaman,39346.29247654154,123825.2568359375,50807.737536751505,18203.946736654874,29916.296339943245,22839.744251165055,2.4535257445803254,NA,9.919803882769356,0.49301123048314344,209727.9233613799,-303636.88385737414,115818.96286538563,115818.96286538563,Sellers
USA,Hawaii,160061.56976972072,307374.9576095206,176954.7237499584,198212.5913518276,392110.0729303697,219190.8150094175,2.236159540639888,NA,2.196843438536273,0.16164969138587382,83811.82143610725,923.29388474187,168546.93675695636,923.29388474187,Buyers
USA,Warm Temperate Northwest Atlantic,83842.11372229672,145772.0959673522,93985.01815202746,84923.59400293897,148264.0272442398,95187.85168075725,2.305841074557349,NA,2.2989751397838853,0.8863527405556595,2486.2962793630372,5.6349975245889254,4978.227556250669,5.6349975245889254,Buyers
ATF,Amsterdam-St Paul,37545.5575858078,53994.899049218395,43526.47995680019,37545.5575858078,53994.899049218395,43526.47995680019,1.7077138075857585,NA,1.7077138075857585,0.42478110945952363,0,0,0,0,Doesn't participate
BRA,North Brazil Shelf,0,0,0,45266.91143446123,106920.4665443429,50475.425290472034,3.1103032316300836,NA,0.16205352474550516,0.7476673487590217,7335.6625522970535,99584.80399204584,114256.12909663995,99584.80399204584,Buyers
UMI,"Marshall, Gilbert and Ellis Islands",136547.44634823728,295266.998046875,153553.86531238328,36882.32047037632,61626.917261166345,41359.023931385454,2.0263481288376677,NA,2.740422252702217,0.9038175045465943,273124.52877405775,-506764.60955976637,39484.44798834909,39484.44798834909,Sellers
UMI,Hawaii,78021.33231598533,144116.736328125,88284.04855487784,39870.31073387843,66211.83682264746,45130.679515369615,1.8529676922889122,NA,2.196843438536273,0.16164969138587382,83811.82143610728,-161716.72094158482,5906.921930629731,5906.921930629731,Sellers
SPM,Cold Temperate Northwest Atlantic,1786.1710946666149,2086.928466796875,2207.8514803953112,1813.2223614856189,2261.6205874338425,2241.441968411738,6.4578166266965145,NA,2.5325619162056654,0.18234637927194286,68.50900813092754,106.18311250603996,243.20112876789494,106.18311250603996,Buyers
PAN,Tropical East Pacific,0,0,0,12062.551868017857,16558.071605831334,14483.172388560928,1.5871580525164453,NA,0.011055017516688635,0.5207673737139453,133.35172219690264,16424.719883634432,16691.423328028235,16424.719883634432,Buyers
NGA,Gulf of Guinea,0,0,0,17205.473884817024,22540.45438209524,18940.907078066215,1.714255051095312,NA,0.2655664533088832,0.2740621676991082,4569.196677089469,17971.25770500577,27109.651059184707,17971.25770500577,Buyers
CHL,Warm Temperate Southeastern Pacific,0,0,0,79886.19883162044,179120.3715217783,90176.49010261685,2.9265778683945363,NA,0.5391699202482484,0.10767550896677036,43072.2354529805,136048.1360687978,222192.6069747588,136048.1360687978,Buyers
IND,Bay of Bengal,12309.95978080245,23278.254394775922,14583.508894296481,48506.161009625,205410.33213516578,57378.65614810069,8.72898161407305,NA,2.5462835604541882,0.8739451787953574,92165.79213984255,89966.2856005473,274297.8698802324,89966.2856005473,Buyers
PYF,Marquesas,73323.11952642015,102895.31313996867,80908.26198126607,73323.11952642015,102895.31313996867,80908.26198126607,1.5347660608742328,NA,1.5347660608742328,0.7452720503460624,0,0,0,0,Doesn't participate
CHL,Juan Fernandez and Desventuradas,0,0,0,0,0,0,NA,0.29198231370233435,NA,NA,NA,NA,NA,NA,Doesn't participate
PRI,Tropical Northwestern Atlantic,0,0,0,15124.459208995037,22991.418992757845,17247.80329900006,1.8567825031623768,NA,0.017345231489855395,0.852653135384347,262.3372461388941,22729.08174661895,23253.756238896738,22729.08174661895,Buyers
REU,Western Indian Ocean,0,0,0,29483.20645124814,47517.51055718296,32894.77576699003,1.689800780811459,NA,0.3890949137647325,0.10500278175601829,11471.7656716562,36045.744885526765,58989.27622883916,36045.744885526765,Buyers
MOZ,Western Indian Ocean,0,0,0,55964.03077896477,113846.72013925757,60015.25146336487,2.463847118641076,NA,0.3890949137647325,0.10500278175601829,21775.319729868133,92071.40040938943,135622.0398691257,92071.40040938943,Buyers
GUM,Tropical Northwestern Pacific,0,0,0,18149.92807652994,31966.166641086926,22325.683584402723,1.9372214746365413,NA,0.8360660267873528,0.2521511635554017,15174.538253420607,16791.62838766632,47140.70489450754,16791.62838766632,Buyers
VEN,Tropical Northwestern Atlantic,0,0,0,30917.654691650652,47894.530619714045,33763.35467401742,1.7015721520664249,NA,0.017345231489855395,0.852653135384347,536.2738777500942,47358.25674196395,48430.80449746414,47358.25674196395,Buyers
TUV,"Marshall, Gilbert and Ellis Islands",85582.87611012561,164896.56591796875,109586.33854160106,57628.142076728545,102654.70084321818,73609.47953148342,2.048210044249307,NA,2.740422252702217,0.9038175045465943,76607.77521349331,-138849.64028824389,14365.910138742736,14365.910138742736,Sellers
FJI,Central Polynesia,0,0,0,264.44626823898886,380.8521459960937,325.87098247404776,1.4401872581991022,NA,0.060618710645324404,0.5578884209812955,16.030391815615108,364.8217541804786,396.88253781170886,364.8217541804786,Buyers
MDV,Central Indian Ocean Islands,0,0,0,82763.86435599816,152502.84565698245,100731.87459620486,2.0129059128355324,NA,0.09280325858614387,0.4301716631293415,7680.756305418233,144822.0893515642,160183.6019624007,144822.0893515642,Buyers
MTQ,Tropical Northwestern Atlantic,0,0,0,5000.464819125683,7970.93925610038,5632.208878376658,1.690483332657737,NA,0.017345231489855395,0.852653135384347,86.73421984461285,7884.205036255767,8057.673475944993,7884.205036255767,Buyers
KIR,"Marshall, Gilbert and Ellis Islands",5164.4772858965225,8451.2392578125,6148.660830817261,89873.08451602467,463898.4778607186,106612.99144703033,6.12881114449381,NA,2.740422252702217,0.9038175045465943,232137.35224885505,223309.88635405106,687584.5908517612,223309.88635405106,Buyers
ASM,Central Polynesia,0,0,0,30194.67016711298,64316.54594270087,39858.6376207163,2.4997672499560677,NA,0.060618710645324404,0.5578884209812955,1830.361973891231,62486.18396880964,66146.9079165921,62486.18396880964,Buyers
BES,Tropical Northwestern Atlantic,0,0,0,28.318895080763024,49.19428354976158,31.04647923626833,1.7371540594879766,NA,0.017345231489855395,0.852653135384347,0.4911977907127619,48.70308575904882,49.68548134047434,48.70308575904882,Buyers
USA,Tropical Northwestern Atlantic,0,0,0,25645.82278352137,61741.45538629917,28185.76624422852,3.322598315460068,NA,0.017345231489855395,0.852653135384347,444.8327329279858,61296.62265337118,62186.28811922715,61296.62265337118,Buyers
GNQ,Gulf of Guinea,0,0,0,29856.012292409614,58763.80125709085,31876.01470122437,2.0919920018275033,NA,0.2655664533088832,0.2740621676991082,7928.75529444164,50835.04596264921,66692.55655153249,50835.04596264921,Buyers
COM,Western Indian Ocean,0,0,0,17090.450691872185,34964.88342736076,18271.894230691792,2.2532060988532265,NA,0.3890949137647325,0.10500278175601829,6649.80743815442,28315.075989206336,41614.69086551518,28315.075989206336,Buyers
SYC,Western Indian Ocean,0,0,0,117159.306270499,320957.86823722895,129069.76235127354,3.0306058521451225,NA,0.3890949137647325,0.10500278175601829,45586.09017005569,275371.77806717326,366543.95840728463,275371.77806717326,Buyers
CAN,Cold Temperate Northeast Pacific,0,0,0,32413.304346518322,84186.86957865613,39571.64671543362,2.986030726774174,NA,1.5639036994267923,0.8490714813635873,50691.28657816653,33495.5830004896,134878.15615682266,33495.5830004896,Buyers
ASM,Tropical Southwestern Pacific,0,0,0,774.0985432430542,1561.5378805368705,975.2556025020597,2.017233973848951,NA,0.01660601278226652,0.022113998104214105,12.85469030382805,1548.6831902330425,1574.3925708406985,1548.6831902330425,Buyers
GIN,Gulf of Guinea,0,0,0,9268.436513490798,21910.513867039383,10050.408352480375,2.528109565147516,NA,0.2655664533088832,0.2740621676991082,2461.385812606302,19449.12805443308,24371.899679645685,19449.12805443308,Buyers
FRA,Tropical East Pacific,0,0,0,42273.713455525074,120973.3744336402,47149.07556268927,3.2065029628203696,NA,0.011055017516688635,0.5207673737139453,467.33664274630576,120506.0377908939,121440.7110763865,120506.0377908939,Buyers
GNB,Gulf of Guinea,0,0,0,10607.520336123353,31021.627095450007,11245.438993479063,3.3486867156074696,NA,0.2655664533088832,0.2740621676991082,2817.001554066131,28204.625541383877,33838.62864951614,28204.625541383877,Buyers
MDG,Western Indian Ocean,0,0,0,119069.18813460969,397784.0332991399,130197.53875354325,3.832572893535558,NA,0.3890949137647325,0.10500278175601829,46329.21548927267,351454.8178098672,444113.24878841254,351454.8178098672,Buyers
VIR,Tropical Northwestern Atlantic,0,0,0,4078.014511943218,9578.820366284444,4494.894770168239,2.534707427809713,NA,0.017345231489855395,0.852653135384347,70.73410572864479,9508.0862605558,9649.55447201309,9508.0862605558,Buyers
DMA,Tropical Northwestern Atlantic,0,0,0,3232.2587091800588,7433.8611896702405,3580.04019886244,2.475830438279169,NA,0.017345231489855395,0.852653135384347,56.064275545829304,7377.796914124411,7489.92546521607,7377.796914124411,Buyers
FRA,Lusitanian,0,0,0,17683.03124392418,69337.2399539421,19811.50515744946,4.411242469900487,NA,2.267684678912475,0.7822076714721193,40099.53902857747,29237.700925364632,109436.77898251958,29237.700925364632,Buyers
KIR,Southeast Polynesia,0,0,0,53262.51282108304,168091.62638425519,63142.71882891516,3.5032422031796284,NA,0.03416651137409599,0.810326484870791,1819.7942501144669,166271.8321341407,169911.42063436966,166271.8321341407,Buyers
KIR,Central Polynesia,0,0,0,165952.42632236108,489224.25251199096,184992.1685454289,3.2073309293828487,NA,0.060618710645324404,0.5578884209812955,10059.822112124722,479164.43039986625,499284.07462411566,479164.43039986625,Buyers
NRU,"Marshall, Gilbert and Ellis Islands",5098.806167060021,13512.7255859375,6151.4535839094015,27795.831298496778,84907.10318821941,33944.80605785423,3.2895506932270013,NA,2.740422252702217,0.9038175045465943,62199.43274033075,9194.94486195116,133593.81034261265,9194.94486195116,Buyers
NZL,Lord Howe and Norfolk Islands,0,0,0,252.64560624197307,679.7016552734374,286.5514847361489,2.6903363386515755,NA,0.05940800758890709,0.8124384890015025,15.009172092927168,664.6924831805102,694.7108273663646,664.6924831805102,Buyers
MHL,"Marshall, Gilbert and Ellis Islands",5113.911137269808,13896.875052766685,5736.203561934688,164788.8642558558,519803.50613679714,192122.73847658403,3.335181844041486,NA,2.740422252702217,0.9038175045465943,437576.7947253563,68329.83635867416,943483.4258093867,68329.83635867416,Buyers
ASM,Southeast Polynesia,0,0,0,254.0062734901289,705.4577685546874,325.06159024800814,2.7773241930660526,NA,0.03416651137409599,0.810326484870791,8.678508232292225,696.7792603223952,714.1362767869796,696.7792603223952,Buyers
PLW,Tropical Northwestern Pacific,0,0,0,49916.151567656525,159847.6957845331,61046.547199128065,3.4148940356379143,NA,0.8360660267873528,0.2521511635554017,41733.19851368588,118114.49727084723,201580.89429821898,118114.49727084723,Buyers
ECU,Galapagos,82804.92630599478,343099.249604526,90606.34825906904,82508.2281401375,341593.5228838867,90279.34025006325,5.074944485378127,NA,5.074944485378127,0.4864163705980816,1505.7267206392655,-3011.453441278537,0,0,Doesn't participate
IND,West and South Indian Shelf,17280.740891414087,66938.28125,20495.40495875927,60790.3624453009,275905.62090081396,71956.88026214277,5.175175312956055,NA,4.258210248152451,0.2314709007298028,185273.1163939956,23694.223256818368,394240.45604480954,23694.223256818368,Buyers
USA,Warm Temperate Northeast Pacific,0,0,0,9208.692983964938,32688.49315451363,10623.758892159392,4.067087934239403,NA,1.226170319732787,0.8041488320802734,11291.42602046936,21397.06713404427,43979.91917498299,21397.06713404427,Buyers
SLB,Eastern Coral Triangle,283435.01087536395,1590247.7657461583,336311.9120960397,83554.346700244,395463.3878907716,98937.87822749672,5.253645401122422,NA,6.582188837195242,0.3475095251931968,1315652.2765046456,-2510436.654360032,120867.89864925889,120867.89864925889,Sellers
MHL,Tropical Northwestern Pacific,0,0,0,6341.917556452096,20857.559837294742,7718.375029081527,3.4003515787909637,NA,0.8360660267873528,0.2521511635554017,5302.261813635861,15555.298023658881,26159.821650930604,15555.298023658881,Buyers
LCA,Tropical Northwestern Atlantic,0,0,0,890.3429653914578,2908.252968946657,1010.8768316916338,3.266441227699241,NA,0.017345231489855395,0.852653135384347,15.443204840079146,2892.809764106578,2923.696173786736,2892.809764106578,Buyers
ATF,Western Indian Ocean,0,0,0,24559.605347717003,93958.93613914908,26223.396808589736,4.397451267966158,NA,0.3890949137647325,0.10500278175601829,9556.01752486581,84402.91861428328,103514.95366401489,84402.91861428328,Buyers
IRN,Somali/Arabian,0,0,0,13437.487332257082,388933.110351702,16511.237053388573,59.22868129456885,NA,0.10344581271576068,0.8037387053697029,1390.0517979430729,387543.05855375895,390323.1621496451,387543.05855375895,Buyers
BRN,Western Coral Triangle,0,0,0,2168.2998743176827,7849.599030887541,2724.5429904650537,3.6201630244329746,NA,0.07520963883100322,0.23147028776555278,163.0770504247426,7686.521980462798,8012.676081312284,7686.521980462798,Buyers
FSM,Tropical Northwestern Pacific,0,0,0,230693.50318991282,1104892.8691604035,288034.50374155765,5.332963530127768,NA,0.8360660267873528,0.2521511635554017,192875.0006176459,912017.8685427576,1297767.8697780494,912017.8685427576,Buyers
PLW,Western Coral Triangle,0,0,0,3318.5719579519523,13254.600772566519,4088.0325220725094,4.972220724394897,NA,0.07520963883100322,0.23147028776555278,249.58859839226153,13005.012174174257,13504.18937095878,13005.012174174257,Buyers
TUV,Central Polynesia,0,0,0,1547.902818790976,5714.97552029908,1967.9751114833568,3.6920764345935417,NA,0.060618710645324404,0.5578884209812955,93.83187307937219,5621.143647219707,5808.807393378453,5621.143647219707,Buyers
CIV,Gulf of Guinea,0,0,0,16751.407147761645,66335.42388815994,18279.983524422674,4.399980787618314,NA,0.2655664533088832,0.2740621676991082,4448.611784164135,61886.812103995806,70784.03567232408,61886.812103995806,Buyers
SEN,Gulf of Guinea,0,0,0,2815.6455588093254,10601.47762045614,2971.37423943452,3.765203183080782,NA,0.2655664533088832,0.2740621676991082,747.741004827901,9853.736615628239,11349.218625284042,9853.736615628239,Buyers
IDN,Sahul Shelf,8122.906870919199,243172.3486328125,9193.103853575532,38607.27674312444,13436759.242303612,42544.95358406428,521.3782369872346,NA,63.871807185722545,0.3040878526884473,1947091.7946557428,11246495.099015057,15140678.688326541,11246495.099015057,Buyers
MSR,Tropical Northwestern Atlantic,0,0,0,591.1283237745873,2365.198508722501,661.8197159916789,4.001159162226869,NA,0.017345231489855395,0.852653135384347,10.253257616080408,2354.945251106421,2375.4517663385814,2354.945251106421,Buyers
SEN,West African Transition,46342.99534273245,263781.0390625,50742.53729880278,9564.982479529059,44646.70151264999,10343.497320128443,4.972035064509787,NA,6.846426123945716,0.8300549206352796,251797.94805344727,-470932.2856032973,32663.610503597258,32663.610503597258,Sellers
SLB,Tropical Southwestern Pacific,0,0,0,41187.66878246325,198804.87956555025,49927.34030374535,5.339664434531725,NA,0.01660601278226652,0.022113998104214105,683.9629542733445,198120.91661127692,199488.84251982358,198120.91661127692,Buyers
MRT,West African Transition,39291.12695101209,217145.19071582472,46324.73920162223,8603.032380882332,38404.155295666154,9993.393440237038,4.841826934742901,NA,6.846426123945716,0.8300549206352796,210103.77235905308,-388844.80777921167,31362.736938894515,31362.736938894515,Sellers
MYS,Western Coral Triangle,0,0,0,3130.0406602054804,78810.3219037914,3952.901721890448,96.97187555021675,NA,0.07520963883100322,0.23147028776555278,235.40922758040907,78574.91267621098,79045.73113137181,78574.91267621098,Buyers
LKA,Bay of Bengal,0,0,0,2236.821522828363,9941.760221649827,2657.8782253902473,4.444592525683008,NA,2.5462835604541882,0.8739451787953574,5695.581871247963,4246.178350401864,15637.34209289779,4246.178350401864,Buyers
KNA,Tropical Northwestern Atlantic,0,0,0,887.5003384167186,3947.8478913541994,987.4582945500259,4.4482776180086585,NA,0.017345231489855395,0.852653135384347,15.393898817162986,3932.4539925370364,3963.2417901713625,3932.4539925370364,Buyers
YEM,Red Sea and Gulf of Aden,28677.53001631376,161802.71846957563,32164.298563580196,40212.97385381415,233093.87207489015,45127.25386853024,6.224096006143515,NA,6.0861117905915005,0.6775441259125609,70206.00074911716,1085.1528561973682,141497.15435443167,1085.1528561973682,Buyers
JPN,Warm Temperate Northwest Pacific,102443.82373820509,1006879.2516374249,110854.70589368907,70915.99589395463,647863.4879098047,76706.50904578449,10.870699190887148,NA,12.043909209637567,0.17961294264376682,379718.29613323574,-738734.059860856,20702.532405615435,20702.532405615435,Sellers
FSM,Eastern Coral Triangle,11951.534327859086,67248.59375,15385.732980489232,3946.2952016332897,20256.24033730253,5079.3657321724795,5.205581203293034,NA,6.582188837195242,0.3475095251931968,52691.99561572204,-99684.3490284195,5699.642203024567,5699.642203024567,Sellers
OMN,Red Sea and Gulf of Aden,5245.7440867703845,28609.5087890625,5966.377108240254,1152.1220661091568,5900.338698720802,1304.8040256902211,5.121279135505925,NA,6.0861117905915005,0.6775441259125609,24914.241246171303,-47623.411336513,2205.0711558296052,2205.0711558296052,Sellers
STP,Gulf of Guinea,0,0,0,13160.563031561807,80850.21206946076,14385.082295489025,6.7648710900851965,NA,0.2655664533088832,0.2740621676991082,3495.004047839873,77355.20802162089,84345.21611730063,77355.20802162089,Buyers
GMB,West African Transition,2832.9752266437,15016.134765625,2995.8759605716064,1823.8888614466896,9667.49044729658,1928.7654700870683,5.3004822013269095,NA,6.846426123945716,0.8300549206352796,6908.635252002238,-12257.279570330658,1559.9909336738192,1559.9909336738192,Sellers
TWN,South Kuroshio,0,0,0,6663.535074569,42211.729185415104,7223.332238634217,7.491791939162093,NA,0.6237222023239472,0.8159016379953526,4156.194771973044,38055.53441344206,46367.92395738815,38055.53441344206,Buyers
YEM,Somali/Arabian,0,0,0,8710.920668495026,57478.141641657036,9865.326979912339,7.221776979105027,NA,0.10344581271576068,0.8037387053697029,901.1082680549853,56577.03337360205,58379.24990971202,56577.03337360205,Buyers
CPV,West African Transition,11183.78146971046,70764.96484375,11872.071681483645,79658.97526824063,637457.8044246593,85240.14988777567,9.042225124614845,NA,6.846426123945716,0.8300549206352796,468810.3556645026,97882.48391640675,1035503.195245412,97882.48391640675,Buyers
KOR,Cold Temperate Northwest Pacific,22225.684248187015,185274.2900390625,26546.873833948302,22566.962453644584,189551.1181882228,26951.191245712573,12.531793946308788,NA,12.359842896412761,0.6701321132390458,4218.14500342523,58.68314573508178,8494.973152585531,58.68314573508178,Buyers
IDN,Andaman,5113.291151354044,44465.744140625,6115.179574054526,62889.37624069904,899150.0752774832,79909.65477532738,16.03357904797,NA,9.919803882769356,0.49301123048314344,573127.4332004972,281556.897936361,1427811.7643373553,281556.897936361,Buyers
RUS,Black Sea,4351.4197674105135,39947.819770663766,7654.3375736071275,4979.737946571266,46844.60600680207,8756.65018245819,10.976582350920323,NA,10.976582350920323,0.4178435329938043,6896.786236138305,-3.637978807091713e-12,13793.57247227661,-3.637978807091713e-12,Doesn't participate
JPN,Cold Temperate Northwest Pacific,39271.09625325577,435715.076171875,45441.64842593752,75238.26677388459,922058.4477315284,87790.45606938022,14.335418399515648,NA,12.359842896412761,0.6701321132390458,444548.57706346066,41794.79449619277,930891.948623114,41794.79449619277,Buyers
IND,Andaman,97939.55200717054,901935.8245918087,119614.89073642396,57809.68606737831,515257.5185451923,70354.11177072713,9.404686727973099,NA,9.919803882769356,0.49301123048314344,398080.3999645647,-784758.7060111811,11402.09391794831,11402.09391794831,Sellers
CMR,Gulf of Guinea,0,0,0,1211.7231940042209,10416.236674324138,1459.8563318431054,8.596217952965796,NA,0.2655664533088832,0.2740621676991082,321.7930310238127,10094.443643300325,10738.029705347952,10094.443643300325,Buyers
ITA,Mediterranean Sea,11188.843879405744,117374.60546875,14824.883709261316,48715.28612421976,657748.9676186618,63980.83226932687,16.282680156105595,NA,11.96435628042497,0.33522164967158674,448979.72495374555,91394.63719616627,989354.0871036574,91394.63719616627,Buyers
THA,Andaman,4409.978856464353,41113.0078125,6102.174627541788,7153.467263383638,76576.67665139596,9836.864811211564,14.175771899746099,NA,9.919803882769356,0.49301123048314344,27214.866951290638,8248.801887605321,62678.535790186594,8248.801887605321,Buyers
ESH,Lusitanian,0,0,0,20465.354396128892,209598.41152592422,23621.952929133535,10.96177803815551,NA,2.267684678912475,0.7822076714721193,46408.97061261556,163189.44091330867,256007.38213853978,163189.44091330867,Buyers
USA,Cold Temperate Northwest Pacific,3114.640584725935,33136.2900390625,3754.230969232529,1107.9205031699921,10401.877404510135,1364.9835325442898,9.38864961407266,NA,12.359842896412761,0.6701321132390458,24802.744945108054,-47537.157579660416,2068.3323105556883,2068.3323105556883,Sellers
FRO,Northern European Seas,1243.1717140757762,11953.53515625,1460.3261239333488,19124.5568158959,543837.4706300932,23716.581065606766,36.50683575995374,NA,17.59719889939863,0.2094302825695259,314662.2902334722,217221.64524037106,846546.2257073154,217221.64524037106,Buyers
ERI,Red Sea and Gulf of Aden,0,0,0,6140.578648665705,224923.1586802655,8897.03587313022,64.4877363399151,NA,6.0861117905915005,0.6775441259125609,37372.24811469877,187550.91056556674,262295.4067949643,187550.91056556674,Buyers
TTO,North Brazil Shelf,0,0,0,1631.077105412416,17554.9114526457,1877.8848856939935,10.762772277529432,NA,0.16205352474550516,0.7476673487590217,264.3217940637779,17290.589658581925,17819.23324670948,17290.589658581925,Buyers
RUS,Cold Temperate Northeast Pacific,0,0,0,1872.8077442572069,20476.12730908294,2285.2628686046546,11.008170928887433,NA,1.5639036994267923,0.8490714813635873,2928.8909595589917,17547.23634952395,23405.018268641932,17547.23634952395,Buyers
GRC,Mediterranean Sea,5810.570309574859,66731.8359375,7512.409437491799,41486.62129777783,625209.9537534253,54591.35887994586,17.113870892724997,NA,11.96435628042497,0.33522164967158674,426840.9847014676,131637.13311445765,985319.102517393,131637.13311445765,Buyers
CYP,Mediterranean Sea,4680.972439043393,55398.27257187538,5995.9722501294455,7836.8850937636735,93342.87299977742,10106.845087846294,12.06473783418498,NA,11.96435628042497,0.33522164967158674,37758.46339097523,186.13703692681156,75703.06381887727,186.13703692681156,Buyers
MLT,Mediterranean Sea,0,0,0,5156.670586618029,69420.94542060388,6668.346910558375,16.31809513837346,NA,11.96435628042497,0.33522164967158674,61696.244119086135,7724.701301517744,131117.18953969,7724.701301517744,Buyers
MRT,Lusitanian,0,0,0,268.81168198003036,3454.6917968749995,318.70939613296,12.8517174976482,NA,2.267684678912475,0.7822076714721193,609.5801327388075,2845.111664136192,4064.271929613807,2845.111664136192,Buyers
ESP,Mediterranean Sea,0,0,0,22511.64409361587,395331.2881982568,27036.38463637146,21.207624438891852,NA,11.96435628042497,0.33522164967158674,269337.3303941447,125993.95780411211,664668.6185924015,125993.95780411211,Buyers
AUS,Western Coral Triangle,0,0,0,864.751687239138,12900.869345661962,976.9388305558781,14.918582450934682,NA,0.07520963883100322,0.23147028776555278,65.03766207575623,12835.831683586206,12965.907007737718,12835.831683586206,Buyers
MDV,West and South Indian Shelf,0,0,0,864.8539019018475,13603.203035267597,1013.6110896173444,15.728902887937052,NA,4.258210248152451,0.2314709007298028,3682.7297482330814,9920.473287034516,17285.932783500677,9920.473287034516,Buyers
FRA,Mediterranean Sea,0,0,0,7897.910712220444,149599.05664836068,10289.317065813924,22.289736293280924,NA,11.96435628042497,0.33522164967158674,94493.41763199032,55105.63901637036,244092.47428035102,55105.63901637036,Buyers
CRI,Galapagos,0,0,0,296.69816585729507,4785.8718359375,337.9587820122953,16.130439573527372,NA,5.074944485378127,0.4864163705980816,1505.7267206392846,3280.1451152982154,6291.598556576784,3280.1451152982154,Buyers
VNM,Sunda Shelf,140116.49562723062,22060962.3125,163772.52928931548,35750.62363582878,670398.6697229095,41325.59987942327,22.356979665865385,NA,411.1948804801066,0.14258016270931861,42914712.25970658,-64305275.90248367,21524148.61692949,21524148.61692949,Sellers
ISR,Mediterranean Sea,0,0,0,2202.876509833291,37541.07611330247,2863.324978142353,19.635192651835737,NA,11.96435628042497,0.33522164967158674,26355.999405424576,11185.076707877895,63897.07551872705,11185.076707877895,Buyers
LBN,Mediterranean Sea,0,0,0,1554.9029073932934,26174.55090514007,1970.4003422784394,16.833559690887853,NA,11.96435628042497,0.33522164967158674,18603.412365521996,7571.138539618074,44777.96327066206,7571.138539618074,Buyers
VNM,South China Sea,33369.970093092925,737928.7256489473,39943.601361885056,35112.66132004566,785694.7225421873,42073.4727570866,27.409328832603038,NA,27.409328832603038,0.19877961046843207,47765.99689324006,-3.637978807091713e-11,95531.99378648004,-3.637978807091713e-11,Doesn't participate
MYS,South China Sea,2421.788625302786,47055.5078125,3056.079770249698,6851.852548753985,179911.7109987963,8691.853363342865,32.29196300784294,NA,27.409328832603038,0.19877961046843207,121425.07882732546,11431.124358970847,254281.28201362176,11431.124358970847,Buyers
KHM,Sunda Shelf,8709.570774538412,1140125.816852457,12546.146003514466,3363.80773818936,172808.96721717203,4894.831497256846,102.10672017597464,NA,411.1948804801066,0.14258016270931861,2198150.3928065198,-3165467.2424418046,1230833.543171235,1230833.543171235,Sellers
AUS,Sahul Shelf,110319.88098803967,5895813.925364267,124119.860684683,80980.0410267734,4097166.692244199,90799.10543502618,59.639243563063985,NA,63.871807185722545,0.3040878526884473,1873988.6008659569,-3672635.833986025,75341.36774588889,75341.36774588889,Sellers
DZA,Mediterranean Sea,0,0,0,11968.39150097063,264610.0429118275,13771.211737056554,25.07788705830629,NA,11.96435628042497,0.33522164967158674,143194.1000212228,121415.9428906047,407804.1429330503,121415.9428906047,Buyers
GHA,Gulf of Guinea,0,0,0,22318.842600154512,559906.1239154643,24265.267742963188,28.8065178870832,NA,0.2655664533088832,0.2740621676991082,5927.135871282246,553978.9880441821,565833.2597867465,553978.9880441821,Buyers
IDN,Sunda Shelf,10864.397861074956,421717.51953125,15288.996212895494,88466.68214386365,66273364.84078301,109164.8578764113,974.7495464231619,NA,411.1948804801066,0.14258016270931861,31909662.010644548,33941985.31060721,97761309.3318963,33941985.31060721,Buyers
ECU,Tropical East Pacific,0,0,0,22570.314087143193,591693.3859547442,24955.428681232504,28.170423975534913,NA,0.011055017516688635,0.5207673737139453,249.51521759053225,591443.8707371537,591942.9011723347,591443.8707371537,Buyers
TWN,Warm Temperate Northwest Pacific,0,0,0,5454.256997060632,1123450.4457065067,6021.593848905234,512.3707259382151,NA,12.043909209637567,0.17961294264376682,65690.57607862868,1057759.869627878,1189141.0217851354,1057759.869627878,Buyers
CHN,South China Sea,5169.212051091761,141192.6328125,5846.87680532466,42278.98764682225,2311488.9284315654,48581.011975881505,117.75058917181126,NA,27.409328832603038,0.19877961046843207,1017154.0422074842,1153142.2534115813,3187450.3378265495,1153142.2534115813,Buyers
TLS,Sahul Shelf,10975.47160692017,452275.640625,12113.684427183129,3305.7939755458515,96002.04300599288,3666.8028096819007,33.29301858210165,NA,63.871807185722545,0.3040878526884473,489876.1708477896,-846149.7684667967,133602.5732287825,133602.5732287825,Sellers
AUS,Eastern Coral Triangle,0,0,0,3071.840448445965,98638.15731459821,3265.972460163199,34.06691707097293,NA,6.582188837195242,0.3475095251931968,20219.43390940586,78418.72340519234,118857.59122400408,78418.72340519234,Buyers
PNG,Eastern Coral Triangle,0,0,0,204814.0628528998,7542043.006158302,221322.47691662842,38.291050172997714,NA,6.582188837195242,0.3475095251931968,1348124.8382109618,6193918.16794734,8890167.844369262,6193918.16794734,Buyers
PHL,South Kuroshio,0,0,0,21379.942793824503,860055.2243846854,22995.382753348054,42.16895472250107,NA,0.6237222023239472,0.8159016379953526,13335.145004924223,846720.0793797611,873390.3693896097,846720.0793797611,Buyers
PHL,Western Coral Triangle,0,0,0,126679.12216063241,5684856.539150534,151743.25975805867,48.07246780311933,NA,0.07520963883100322,0.23147028776555278,9527.4910251297,5675329.048125405,5694384.0301756635,5675329.048125405,Buyers
PNG,Sahul Shelf,2796.599729115493,107400.453125,3037.5155913976246,9321.74744955086,1377371.633469418,10145.704768530575,197.85402007188839,NA,63.871807185722545,0.3040878526884473,416772.97705800476,853198.2032864131,1686744.1574024227,853198.2032864131,Buyers
PHL,South China Sea,0,0,0,33847.58985530226,1575083.7784560672,39544.87015123087,49.844738376637565,NA,27.409328832603038,0.19877961046843207,927739.7205350584,647344.0579210088,2502823.4989911257,647344.0579210088,Buyers
OMN,Somali/Arabian,0,0,0,47814.1356235932,2431626.8473275565,54555.3413338189,56.74464550505188,NA,0.10344581271576068,0.8037387053697029,4946.172118884204,2426680.6752086724,2436573.0194464405,2426680.6752086724,Buyers
PNG,Western Coral Triangle,0,0,0,1553.186439072483,68389.39314892469,1991.6956105963832,44.03167026732786,NA,0.07520963883100322,0.23147028776555278,116.81459111985343,68272.57855780484,68506.20774004454,68272.57855780484,Buyers
NOR,Northern European Seas,0,0,0,55586.18215528321,6119719.982223131,69393.00394808289,150.36495282950858,NA,17.59719889939863,0.2094302825695259,978161.1034447215,5141558.878778409,7097881.085667852,5141558.878778409,Buyers
MYS,Sunda Shelf,4826.963165304653,636753.578125,6120.988163466382,26317.632842518662,25223824.00239729,32232.897474043435,1882.2506284696456,NA,411.1948804801066,0.14258016270931861,8836853.349359466,15750217.074912826,33423923.77363176,15750217.074912826,Buyers
DEU,Northern European Seas,0,0,0,0,0,0,NA,0.18289340792177466,17.59719889939863,0.2094302825695259,0,0,0,0,Doesn't participate
THA,Sunda Shelf,2159.8903144702226,110960.375,3056.079770249698,12522.7638053505,10666853.313607784,17537.199303716163,1058.3491186928707,NA,411.1948804801066,0.14258016270931861,4261160.5265129795,6294732.412094804,14817053.465120763,6294732.412094804,Buyers
SYR,Mediterranean Sea,0,0,0,1070.5160245625243,57849.242197978965,1380.2423959734724,54.038651333238626,NA,11.96435628042497,0.33522164967158674,12808.03512177021,45041.20707620875,70657.27731974918,45041.20707620875,Buyers
MAR,Lusitanian,0,0,0,24086.197992736525,1673909.7070609597,28333.278047351523,83.07816327812542,NA,2.267684678912475,0.7822076714721193,54619.90216138103,1619289.8048995787,1728529.6092223406,1619289.8048995787,Buyers
BRN,South China Sea,0,0,0,1837.1107751515442,122532.29759429279,2330.0148570891424,66.69837184106932,NA,27.409328832603038,0.19877961046843207,50353.97333804693,72178.32425624586,172886.2709323397,72178.32425624586,Buyers
TUR,Mediterranean Sea,0,0,0,7958.938642581426,590699.8942981575,10631.526383414794,79.97034924212953,NA,11.96435628042497,0.33522164967158674,95223.57753388608,495476.31676427147,685923.4718320436,495476.31676427147,Buyers
SAU,Red Sea and Gulf of Aden,0,0,0,14697.559281850674,1512579.6608726718,20657.776543621956,142.23796596198883,NA,6.0861117905915005,0.6775441259125609,89450.98883818893,1423128.672034483,1602030.6497108606,1423128.672034483,Buyers
TUR,Black Sea,0,0,0,12311.260519981503,1354792.3254214793,21418.573356527766,133.77630319068217,NA,10.976582350920323,0.4178435329938043,135135.5649412111,1219656.7604802682,1489927.8903626904,1219656.7604802682,Buyers
NOR,Arctic,0,0,0,11966.874444965144,2154917.6312514157,14263.080346485172,264.16395106227293,NA,0.007806674056487947,0.0227514715928826,93.42148826675799,2154824.209763149,2155011.0527396826,2154824.209763149,Buyers
VEN,North Brazil Shelf,0,0,0,2964.0150821067214,363117.12816135335,3464.051114419221,353.47570530768115,NA,0.16205352474550516,0.7476673487590217,480.32909145423207,362636.79906989913,363597.45725280757,362636.79906989913,Buyers
FIN,Northern European Seas,0,0,0,5445.010620915784,790326.578820364,6004.666992893802,173.9549027317846,NA,17.59719889939863,0.2094302825695259,95816.9349055931,694509.6439147709,886143.513725957,694509.6439147709,Buyers
SWE,Northern European Seas,0,0,0,11235.060210904161,1913059.779815247,13055.637232493891,196.89804063371204,NA,17.59719889939863,0.2094302825695259,197705.58917800005,1715354.190637247,2110765.368993247,1715354.190637247,Buyers
MNE,Mediterranean Sea,0,0,0,843.8137010976803,136299.71038693553,1092.4051833736237,161.52820250444998,NA,11.96435628042497,0.33522164967158674,10095.687754236671,126204.02263269886,146395.3981411722,126204.02263269886,Buyers
SDN,Red Sea and Gulf of Aden,0,0,0,5367.003755268016,1352315.8238001843,7965.195699407399,333.74776256470113,NA,6.0861117905915005,0.6775441259125609,32664.184835085533,1319651.6389650987,1384980.00863527,1319651.6389650987,Buyers
DNK,Northern European Seas,0,0,0,8258.113469338929,4737018.822298013,9512.983941811288,899.9543819937927,NA,17.59719889939863,0.2094302825695259,145319.66525376,4591699.157044252,4882338.487551773,4591699.157044252,Buyers
RUS,Northern European Seas,0,0,0,3479.28210924603,859983.1691813339,4328.559959038562,251.15391017924114,NA,17.59719889939863,0.2094302825695259,61225.619303521584,798757.5498778123,921208.7884848554,798757.5498778123,Buyers
EST,Northern European Seas,0,0,0,3267.777627361209,902478.0398170446,3687.0098551459973,295.7786359895519,NA,17.59719889939863,0.2094302825695259,57503.73286768013,844974.3069493645,959981.7726847248,844974.3069493645,Buyers
TUN,Mediterranean Sea,0,0,0,8545.380892564603,3213198.440393219,10666.748971452169,429.2771434375952,NA,11.96435628042497,0.33522164967158674,102239.98155057884,3110958.45884264,3315438.4219437977,3110958.45884264,Buyers
ALB,Mediterranean Sea,0,0,0,1071.4008598259502,323042.2088017328,1267.9692328860558,301.51385995173763,NA,11.96435628042497,0.33522164967158674,12818.621606111321,310223.5871956215,335860.8304078441,310223.5871956215,Buyers
DJI,Red Sea and Gulf of Aden,0,0,0,503.22886189196396,159340.57872381562,675.9498022213212,316.6364069913457,NA,6.0861117905915005,0.6775441259125609,3062.707109726624,156277.871614089,162403.28583354224,156277.871614089,Buyers
LVA,Northern European Seas,0,0,0,3084.6515236972814,1076349.5194336027,3354.1311313489446,361.3792013985537,NA,17.59719889939863,0.2094302825695259,54281.22639783411,1022068.2930357686,1130630.7458314367,1022068.2930357686,Buyers
QAT,Somali/Arabian,0,0,0,3400.665805060939,1322209.283572573,3997.6023378162804,414.99714513817105,NA,0.10344581271576068,0.8037387053697029,351.7846379792254,1321857.4989345938,1322561.0682105522,1321857.4989345938,Buyers
BLM,Tropical Northwestern Atlantic,0,0,0,599.7810707639111,242908.71190946494,653.3085351714691,404.9956288218371,NA,0.017345231489855395,0.852653135384347,10.403341515633377,242898.3085679493,242919.11525098057,242898.3085679493,Buyers
HRV,Mediterranean Sea,0,0,0,5753.676991242864,4060851.2889595176,7035.882816241334,1186.8028471762257,NA,11.96435628042497,0.33522164967158674,68839.0414457132,3992012.2475138046,4129690.3304052306,3992012.2475138046,Buyers
MAR,Mediterranean Sea,0,0,0,2548.402087362189,1482534.8373603548,2806.5537821820217,1306.1495779990835,NA,11.96435628042497,0.33522164967158674,30489.99051897991,1452044.8468413749,1513024.8278793348,1452044.8468413749,Buyers
IDN,Northwest Australian Shelf,0,0,0,2082.8364718785892,1073073.0028550155,2350.8929717607853,515.1979127229177,NA,0.21703724603304372,0.2809817899537307,452.0530917937101,1072620.9497632217,1073525.0559468092,1072620.9497632217,Buyers
LTU,Northern European Seas,0,0,0,662.7850353846758,437596.1093280868,755.935840197769,660.2383668395728,NA,17.59719889939863,0.2094302825695259,11663.1600952091,425932.9492328777,449259.26942329586,425932.9492328777,Buyers
POL,Northern European Seas,0,0,0,847.9389033336938,561707.0476954432,958.5621310125946,662.4381137450792,NA,17.59719889939863,0.2094302825695259,14921.349536500958,546785.6981589422,576628.3972319441,546785.6981589422,Buyers
KOR,Warm Temperate Northwest Pacific,0,0,0,4097.549638948209,3157567.8920457545,4851.849704130859,865.5002224491203,NA,12.043909209637567,0.17961294264376682,49350.515833475416,3108217.376212279,3206918.40787923,3108217.376212279,Buyers
CHN,Cold Temperate Northwest Pacific,0,0,0,23245.42977085515,115042809.6120021,31401.489525950918,6507.5961605337325,NA,12.359842896412761,0.6701321132390458,287309.86002736574,114755499.75197473,115330119.47202948,114755499.75197473,Buyers
FRA,Northern European Seas,0,0,0,6802.082129687373,8069060.650528338,8180.77456551488,1444.4601962673235,NA,17.59719889939863,0.2094302825695259,119697.59216615373,7949363.058362184,8188758.2426944915,7949363.058362184,Buyers
ARE,Somali/Arabian,0,0,0,4437.273417249862,4817497.64335031,5102.789625407667,1212.1539313565065,NA,0.10344581271576068,0.8037387053697029,459.01735488945263,4817038.62599542,4817956.6607051995,4817038.62599542,Buyers
CHN,Warm Temperate Northwest Pacific,0,0,0,21976.021208241626,60226540.93484416,26241.045786191266,3341.2906408052772,NA,12.043909209637567,0.17961294264376682,264677.2042211318,59961863.73062303,60491218.13906529,59961863.73062303,Buyers
NLD,Northern European Seas,0,0,0,5619.407163979199,14831032.625045212,6924.963503977829,2891.9697154808723,NA,17.59719889939863,0.2094302825695259,98885.82556124755,14732146.799483964,14929918.45060646,14732146.799483964,Buyers
GTM,Tropical Northwestern Atlantic,0,0,0,256.28180670710395,603263.1,325.87098247404776,2353.90528789837,NA,0.017345231489855395,0.852653135384347,4.4452672639730935,603258.6547327361,603267.5452672639,603258.6547327361,Buyers
GGY,Northern European Seas,0,0,0,366.3496090299679,876529.4003648066,437.0543929747432,2392.603618946691,NA,17.59719889939863,0.2094302825695259,6446.72693681727,870082.6734279894,882976.1273016239,870082.6734279894,Buyers
BEL,Northern European Seas,0,0,0,379.4729344863929,1054860.0563700974,427.32517291062624,2779.803144057755,NA,17.59719889939863,0.2094302825695259,6677.660705095522,1048182.3956650019,1061537.717075193,1048182.3956650019,Buyers
MYS,Andaman,0,0,0,752.6381834145766,2225136.2666839194,1052.1228495493287,2956.448816599895,NA,9.919803882769356,0.49301123048314344,7466.023174156392,2217670.243509763,2232602.289858076,2217670.243509763,Buyers
SAU,Somali/Arabian,0,0,0,3201.3164314816927,17723942.304596193,3907.252536049516,5989.116760282584,NA,0.10344581271576068,0.8037387053697029,331.1627800149425,17723611.141816176,17724273.46737621,17723611.141816176,Buyers
KWT,Somali/Arabian,0,0,0,995.4751223286765,5421002.452685787,1069.0560330507574,5445.643322562039,NA,0.10344581271576068,0.8037387053697029,102.97773306761123,5420899.47495272,5421105.430418855,5420899.47495272,Buyers
BHR,Somali/Arabian,0,0,0,748.6656377542715,5970578.051061267,842.7533665536827,7974.95938102737,NA,0.10344581271576068,0.8037387053697029,77.44632534985391,5970500.604735917,5970655.497386617,5970500.604735917,Buyers
IRQ,Somali/Arabian,0,0,0,210.25142034999024,2522827.9999999995,294.1272085612253,11999.100866003337,NA,0.10344581271576068,0.8037387053697029,21.749629052747764,2522806.2503709467,2522849.7496290524,2522806.2503709467,Buyers
SGP,Sunda Shelf,0,0,0,255.80757686793962,4375666.239999999,338.41955328819796,17105.3035002905,NA,411.1948804801066,0.14258016270931861,105186.7659961181,4270479.474003881,4480853.005996117,4270479.474003881,Buyers
