iso3,province,mkt_tb,mkt_tc,mkt_area,bau_tb,bau_tc,bau_area,mc_stop,pct_protected,trading_price,pixel_fraction,rect,mkt_tc_b,mkt_tc_s,savings,transaction
NZL,Subantarctic New Zealand,180923.61467551687,10194.416993934574,225529.04516491594,180923.61467551687,10194.416993934574,225529.04516491594,0.1950273257108799,NA,0.1950273257108799,0.594697049974104,0,0,0,0,Doesn't participate
ATF,Subantarctic Islands,27162.34532319901,19.711577519774437,32579.923271674652,63995.53087934962,1766.1322408119927,75126.34129729652,0.11898230724723954,NA,0.0019625074979402702,0.40249032631170734,72.28540282697084,1674.1352604652475,1818.706066119189,1674.1352604652475,Buyers
HMD,Subantarctic Islands,42353.32289757355,24.228318638168275,50399.53563346261,14328.26954025407,0.9521891696183978,17384.020632703854,1.504788806693284e-4,NA,0.0019625074979402702,0.40249032631170734,54.99937734391562,-78.2755068124655,31.72324787536574,31.72324787536574,Sellers
CAN,Arctic,1484262.009553859,295066.86329172837,1881363.9218815826,814370.4845523966,4721.7880115837215,1043660.4493404115,0.03415213628822428,NA,1.1825029395018716,0.3969045750498089,792148.6974616208,-1082493.7727417655,501803.62218147615,501803.62218147615,Sellers
ARG,Magellanic,24324.0749929581,3546.1012551411986,28992.43661371839,163072.26604629704,92870020.90203135,193644.47756221195,944.9841290079905,NA,9.131078203032716,0.29795956069319174,1266920.583037362,91599554.21773885,94133395.38381357,91599554.21773885,Buyers
IRL,Northern European Seas,122322.6289226103,5126745.538747445,143075.30348434715,87887.59833730289,456858.93499980017,102737.44554187091,18.21060554566419,NA,302.2635222144022,0.711555375983958,10408453.632275686,-15078340.23602333,5738567.028528041,5738567.028528041,Sellers
RUS,Arctic,761709.348301901,371101.09105279297,960894.2251895772,763641.84115159,373403.0248621419,963442.1344660304,1.1958138176117388,NA,1.1825029395018716,0.3969045750498089,2285.178475323564,16.75533402534211,4587.112284672447,16.75533402534211,Buyers
PCN,Southeast Polynesia,280621.78259190667,17416.003053883236,366772.3251837153,108985.53344910323,1573.6575167880121,142665.69392370543,0.036901179824664385,NA,0.19561983836151545,0.7931795706305713,33575.455314292,-49417.80085138722,17733.109777196772,17733.109777196772,Sellers
PYF,Southeast Polynesia,388371.0236627319,2205.8978713154793,506143.9007152019,846168.7516206767,715528.2417836562,1046528.8435068211,1.805029019786146,NA,0.19561983836151545,0.7931795706305713,89554.31754540218,623768.0263669385,802876.6614577429,623768.0263669385,Buyers
SJM,Arctic,60545.847048444055,18564.783714666963,75615.92049819128,89389.54218123038,82026.9808748724,111519.17262582704,3.7213572977127964,NA,1.1825029395018716,0.3969045750498089,34107.754280615656,29354.442879589784,97569.9514408211,29354.442879589784,Buyers
GRL,Arctic,42898.76814200717,16393.74651814252,51708.10265743556,324031.82668093743,4750258.033003787,395959.1976356999,39.095806814653464,NA,1.1825029395018716,0.3969045750498089,332440.6681134368,4401423.6183722075,5066304.954599081,4401423.6183722075,Buyers
TKL,Central Polynesia,196095.47816453254,9946.542071163654,249465.59882397376,75525.86521546372,116.37315352294381,96046.99337553115,0.0032969587775465337,NA,1.768645285428321,0.986843617645359,213244.87750828802,-223075.04642592874,203414.7085906473,203414.7085906473,Sellers
UKR,Black Sea,29463.483278501422,504123.5292478204,48663.475285035856,25229.05476403176,249349.83608070697,41402.665484918674,33.17349198286116,NA,103.36234417071061,0.5870450164705423,437680.4574788841,-692454.1506459975,182906.76431177068,182906.76431177068,Sellers
ISL,Northern European Seas,197623.0142021466,7178629.00542587,236909.04301082654,97041.08603583895,31988.38653953284,117690.84504238708,4.341771550871191,NA,302.2635222144022,0.711555375983958,30402247.878664136,-37548888.49755047,23255607.2597778,23255607.2597778,Sellers
ZAF,Agulhas,185315.20877727942,585.9314307264312,203029.9708947706,185315.20877727942,585.9314307264312,203029.9708947706,0.00737933278923721,NA,0.00737933278923721,0.4329184463733974,0,0,0,0,Doesn't participate
ZAF,Subantarctic Islands,80347.83756086382,103.38444134037948,100808.08335084097,69104.45645246231,83.43111514943173,86651.15931933474,0.0015619898700810228,NA,0.0019625074979402702,0.40249032631170734,22.06521972743794,-42.01854591838568,2.111893536490186,2.111893536490186,Sellers
NIU,Tropical Southwestern Pacific,228642.09769918674,1461.6176500320435,278263.2214040312,78274.93391281513,164.0869771012887,95716.48055877423,0.0035461743653099043,NA,0.30823783743067223,0.5855198153421306,46348.84938609487,-47646.38005902563,45051.31871316412,45051.31871316412,Sellers
ZAF,Benguela,55110.59457109406,175.4925661087036,61257.74619527595,60002.81558743054,215.88412072836059,66636.51291801537,0.010187445728994847,NA,0.0076020602049952325,0.7662172334328201,37.190958702332885,3.2005959173240868,77.58251332198986,3.2005959173240868,Buyers
WLF,Central Polynesia,93673.40110979203,25454.801593065262,119770.31666266471,40541.08695358707,1676.7368578895537,51460.56282596181,0.09412247780897073,NA,1.768645285428321,0.986843617645359,93972.21693626833,-117750.28167144404,70194.15220109263,70194.15220109263,Sellers
NAM,Benguela,150538.7940836685,761.7219714314415,176442.21599623148,127577.99372903415,593.2805013971418,149830.88562294922,0.00707432825431454,NA,0.0076020602049952325,0.7662172334328201,174.54938665080624,-342.9908566851059,6.1079166165066,6.1079166165066,Sellers
GEO,Black Sea,9115.321122143447,625438.5877718925,13597.11642360025,4377.948548033257,223398.66075268138,6583.7808842262375,77.31354625029311,NA,103.36234417071061,0.5870450164705423,489665.9344700627,-891705.8614892738,87626.00745085155,87626.00745085155,Sellers
BMU,Tropical Northwestern Atlantic,307458.6450405219,7164.2155838012695,343435.62663975585,99717.65011233532,1376.1707468653426,111440.89251703327,0.018268452725533336,NA,0.21222541319056445,0.036225587917749436,44087.91848525335,-49875.96332218928,38299.87364831742,38299.87364831742,Sellers
MNP,Tropical Northwestern Pacific,506316.63676990924,871282.7918848991,585941.8613121689,183116.60327142413,19849.631490190543,203475.5010609217,1.3881604393163929,NA,3.9566789122160486,0.6556823380452069,1278798.7569709765,-2130231.917365685,427365.59657626785,427365.59657626785,Sellers
TWN,South China Sea,116890.8017028234,1418508.8294754028,130625.00048521816,58566.30685696287,40924.930139942764,65433.134935256094,6.148795641897022,NA,66.19492906782918,0.12621202722667502,3860785.799238707,-5238369.698574167,2483201.8999032467,2483201.8999032467,Sellers
SHN,St. Helena and Ascension Islands,233605.02114113062,2063.522403971002,258439.38251266416,233605.02114113062,2063.522403971002,258439.38251266416,0.011765008550722253,NA,0.011765008550722253,0.43643490867771817,0,0,0,0,Doesn't participate
CHL,Easter Island,39870.34754268798,449.5034299275332,53499.94795835246,39870.34754268798,449.5034299275332,53499.94795835246,0.013773041762202055,NA,0.013773041762202055,0.21032678732398447,0,0,0,0,Doesn't participate
BHS,Tropical Northwestern Atlantic,213691.13024679993,5314.045862197876,260421.97294148567,145640.05751116085,2034.7136476882622,175598.52198747845,0.021156403127681876,NA,0.21222541319056445,0.036225587917749436,14442.16702938216,-17721.499243891776,11162.834814872547,11162.834814872547,Sellers
JAM,Tropical Northwestern Atlantic,135495.3514355277,5909.6737813949585,153507.94642412875,65975.38508472247,847.7723399420821,74300.7592633023,0.021711555352870827,NA,0.21222541319056445,0.036225587917749436,14753.903583793777,-19815.805025246653,9692.002142340902,9692.002142340902,Sellers
AIA,Tropical Northwestern Atlantic,57896.77814238075,1591.1785192489624,69394.10023539259,23456.29077764872,265.73670349327057,28268.6843320351,0.01665964807061422,NA,0.21222541319056445,0.036225587917749436,7309.146661464669,-8634.58847722036,5983.704845708977,5983.704845708977,Sellers
CRI,Tropical East Pacific,315708.7452831192,47808.7591714859,363647.01054665423,137481.72216397102,1499.9536035136396,156573.98527563148,0.020535341979016828,NA,0.8074855809905065,0.13262055861610478,143915.7513115738,-190224.5568795461,97606.94574360155,97606.94574360155,Sellers
TCA,Tropical Northwestern Atlantic,43977.78975730731,745.5820627212524,56573.186078166065,20931.97561213185,251.27448157157625,26935.86200950377,0.015742182790724483,NA,0.21222541319056445,0.036225587917749436,4890.907429272817,-5385.215010422494,4396.599848123141,4396.599848123141,Sellers
CYM,Tropical Northwestern Atlantic,84119.98316226449,3257.0021924972534,101832.19011660974,28015.89500744235,302.6425562956136,32933.395517101955,0.015914087436739752,NA,0.21222541319056445,0.036225587917749436,11906.71329033698,-14861.07292653862,8952.35365413534,8952.35365413534,Sellers
ISL,Arctic,14537.640514395525,4460.768877506256,17473.816481194743,55839.69355331944,595119.1823934822,66733.8298938001,41.031693605534876,NA,1.1825029395018716,0.3969045750498089,48839.79912598974,541818.6143899861,639498.2126419657,541818.6143899861,Buyers
ATG,Tropical Northwestern Atlantic,60187.453503244506,906.7833633422852,69867.60799180828,28148.3709408504,316.5105056939598,32779.8901633169,0.014333856495006651,NA,0.21222541319056445,0.036225587917749436,6799.507535050698,-7389.780392699023,6209.234677402373,6209.234677402373,Sellers
DOM,Tropical Northwestern Atlantic,24394.24432610158,375.33937549591064,31302.56569719937,55675.43893417067,27757.713414340233,67462.54856656157,0.9871940739851198,NA,0.21222541319056445,0.036225587917749436,6638.66445079192,20743.709588052403,34021.038489636245,20743.709588052403,Buyers
COG,Gulf of Guinea,10913.715818272747,1385.0984649658203,12244.533205329279,6825.421560243969,498.6571900828351,7451.050774161453,0.17377735363813568,NA,2.4308054898676903,0.1777266349075486,9937.84812661091,-10824.289401493896,9051.406851727925,9051.406851727925,Sellers
GAB,Gulf of Guinea,19866.0735951612,35707.084743499756,21472.748167646365,53912.03765731949,135085.49902795468,58256.38580092603,3.286410722493058,NA,2.4308054898676903,0.1777266349075486,82759.11635013245,16619.297934322472,182137.53063458737,16619.297934322472,Buyers
HTI,Tropical Northwestern Atlantic,49049.69137971643,1655.678050994873,55859.11759922323,25189.762071015426,279.75104208926285,28118.24368321073,0.013532971366914375,NA,0.21222541319056445,0.036225587917749436,5063.683356236729,-6439.610365142339,3687.756347331119,3687.756347331119,Sellers
AUS,Tropical Southwestern Pacific,291563.9990510526,24779.83865737915,320809.95292167424,56405.02159200281,1150.7285880794184,62248.95475581612,0.030461436283154498,NA,0.30823783743067223,0.5855198153421306,72484.8946643857,-96114.00473368543,48855.78459508597,48855.78459508597,Sellers
USA,Cold Temperate Northeast Pacific,591383.7321699595,919438.4767519925,698613.6019534307,499757.978052392,727908.0554623663,590263.756534863,2.0332485025523104,NA,2.1458481367096764,0.4244445490488462,196614.95374780105,-388145.3750374272,5084.532458174857,5084.532458174857,Sellers
HND,Tropical Northwestern Atlantic,61473.265560919754,3581.079439163208,73327.9271772618,49896.93127041219,1847.417136762535,59788.86184837598,0.10634084167265608,NA,0.21222541319056445,0.036225587917749436,2456.7923280350674,-4190.454630435741,723.1300256343943,723.1300256343943,Sellers
CUW,Tropical Northwestern Atlantic,16344.09617859972,278.1276264190674,17974.801882543703,9123.260262880369,119.66616692641577,9999.860550384994,0.01716936881571969,NA,0.21222541319056445,0.036225587917749436,1532.4448857948073,-1690.9063452874589,1373.9834263021557,1373.9834263021557,Sellers
CUB,Tropical Northwestern Atlantic,86261.09715443497,14688.998268223291,109372.48814663652,83903.20937240814,14189.995920357216,106272.85377981848,0.21049131839737667,NA,0.21222541319056445,0.036225587917749436,500.40370879762946,-999.4060566637045,1.4013609315552458,1.4013609315552458,Sellers
GBR,Northern European Seas,101974.25823869795,7987960.281154633,120749.86071840761,179420.43767069085,104400292.90836301,211663.6767845788,1755.9873355247867,NA,302.2635222144022,0.711555375983958,23409154.977162767,73003177.65004562,119821487.60437115,73003177.65004562,Buyers
TON,Tropical Southwestern Pacific,261352.47509232844,7958.982919692993,298779.48649196373,119726.58564089192,1898.6413858752105,134964.89680609162,0.018040385849218705,NA,0.30823783743067223,0.5855198153421306,43654.45788870625,-49714.79942252403,37594.11635488847,37594.11635488847,Sellers
GUY,North Brazil Shelf,60503.42600763715,10488.786947250366,69870.78039486002,35987.31229099987,746.4542938472811,41462.724229103784,0.032721450502209495,NA,3.889692976303827,0.8889755241253046,95360.15532986993,-105102.48798327302,85617.82267646685,85617.82267646685,Sellers
BRB,Tropical Northwestern Atlantic,106375.561185292,4805.186855316162,119792.06761526392,48745.93396145216,980.236248153528,54652.56082784989,0.024193995295167404,NA,0.21222541319056445,0.036225587917749436,12230.471449597611,-16055.422056760246,8405.520842434977,8405.520842434977,Sellers
CHL,Magellanic,311065.3713612499,1357393.7500866181,379745.9528666907,172317.18030791098,522026.49602274556,211942.8188857344,4.361114923178167,NA,9.131078203032716,0.29795956069319174,1266920.5830373617,-2102287.837101234,431553.3289734892,431553.3289734892,Sellers
ABW,Tropical Northwestern Atlantic,10824.211999856838,225.42145156860352,11945.215594861289,8231.479998401248,155.85818182749543,9059.779215640976,0.026830104192047018,NA,0.21222541319056445,0.036225587917749436,550.2436203013117,-619.8068900424198,480.6803505602036,480.6803505602036,Sellers
BLZ,Tropical Northwestern Atlantic,4617.119149116377,167.04618453979492,5887.240919194446,8743.578529165825,12089.928788644274,10908.64799418516,4.338034184542763,NA,0.21222541319056445,0.036225587917749436,875.7395469450745,11047.143057159405,12798.622151049554,11047.143057159405,Buyers
TON,Central Polynesia,90577.89184262033,16404.65098953247,109553.13145939892,33516.30338295604,889.5167065701874,40226.78487211858,0.04128433066491851,NA,1.768645285428321,0.986843617645359,100921.70940823635,-116436.84369119864,85406.57512527406,85406.57512527406,Sellers
USA,Arctic,14009.025191230528,2445.9061012268066,17714.345010587444,298052.3203279133,62073579.92567744,361157.3606120343,604.0176714900772,NA,1.1825029395018716,0.3969045750498089,335882.031444925,61735251.98813129,62407016.05102114,61735251.98813129,Buyers
AUS,Northeast Australian Shelf,0,0,0,0,0,0,NA,0.34718709962873934,NA,NA,NA,NA,NA,NA,Doesn't participate
AUS,East Central Australian Shelf,108767.26809799178,7092.68640539166,121260.43265196626,108767.26809799178,7092.68640539166,121260.43265196626,0.09547049312856784,NA,0.09547049312856784,0.20052759616709503,0,0,0,0,Doesn't participate
VGB,Tropical Northwestern Atlantic,42335.64677682419,1542.276798248291,51880.99348477638,18545.627972899623,478.3402498855203,22736.84796326304,0.028783586598720295,NA,0.21222541319056445,0.036225587917749436,5048.846570474189,-6112.78311883696,3984.9100221114186,3984.9100221114186,Sellers
ROU,Black Sea,20020.78202572891,525144.7241973877,28757.59014073781,7617.115117310037,41000.75156464992,10824.933244665606,12.062271141106617,NA,103.36234417071061,0.5870450164705423,1282072.0879668456,-1766216.0605995834,797928.1153341078,797928.1153341078,Sellers
COK,Central Polynesia,655168.3940922605,63891.95227765866,807866.5077852427,228459.2841955304,12025.758279588357,281755.0515403168,0.06726531969051769,NA,1.768645285428321,0.986843617645359,754697.0554681671,-806563.2494662374,702830.8614700967,702830.8614700967,Sellers
BGR,Black Sea,10289.787866979703,348592.3145561218,15787.378514724767,6218.894586208835,23747.858990338027,9849.679719286643,24.502403671797136,NA,103.36234417071061,0.5870450164705423,420777.0723692717,-745621.5279350556,95932.61680348791,95932.61680348791,Sellers
TTO,Tropical Northwestern Atlantic,7945.564317843178,628.3999786376953,9070.847267726818,14040.088238004579,3242.416044628813,15957.78626639117,0.5675131273921341,NA,0.21222541319056445,0.036225587917749436,1293.4128571560318,1320.6032088350858,3907.4289231471494,1320.6032088350858,Buyers
EGY,Mediterranean Sea,74682.79042294799,234114.5090789795,95980.46021054471,41535.29020225174,12425.21030349902,53106.10166974463,0.5054461624917777,NA,25.07788705830629,0.6242659527136141,831269.2667998034,-1052958.565575284,609579.9680243229,609579.9680243229,Sellers
COK,Southeast Polynesia,655846.3299158665,55556.163345336914,819691.6433848249,223730.7081155255,11590.217779467495,279772.0731791648,0.06717058527995481,NA,0.19561983836151545,0.7931795706305713,84530.38809006845,-128496.33365593787,40564.442524199025,40564.442524199025,Sellers
IDN,Western Coral Triangle,1087664.5301599083,2473092.8474790333,1324688.9486035127,741918.1256326147,59080.558017406234,912169.3099004226,0.1470890763088424,NA,16.359558213910486,0.2704625229682932,5656258.432114504,-8070270.721576132,3242246.142652877,3242246.142652877,Sellers
SUR,North Brazil Shelf,49533.60883687766,19528.446632385254,57849.87070346749,32118.015468482787,2349.7936204183725,37220.49900013322,0.10266838235984814,NA,3.889692976303827,0.8889755241253046,67741.31120320906,-84919.96421517595,50562.658191242175,50562.658191242175,Sellers
AUS,Southeast Australian Shelf,196620.01777114384,21088.276942234927,228169.027303076,196620.01777114384,21088.276942234927,228169.027303076,0.16112797536382534,NA,0.16112797536382534,0.06640536935839703,0,0,0,0,Doesn't participate
AGO,Gulf of Guinea,137382.12754940058,53459.54155731201,148369.33530023292,107497.1711185785,22802.84450144466,115300.06362209139,0.428986140753851,NA,2.4308054898676903,0.1777266349075486,72644.51615649907,-103301.21321236642,41987.81910063172,41987.81910063172,Sellers
URY,Warm Temperate Southwestern Atlantic,33232.74353161141,23530.718223571777,39670.777130864015,29797.555823662085,10206.488324088386,35615.859415017025,1.5101383342374675,NA,9.491770765092467,0.785305651846351,32606.01425891843,-45930.24415840182,19281.784359435038,19281.784359435038,Sellers
SOM,Somali/Arabian,299700.67015068687,80985.43844604492,327273.45082313457,117828.44370881905,8225.715949245414,128150.02438968964,0.09229001646489075,NA,7.3512495383407765,0.3585420454327968,1336988.12066779,-1409747.8431645895,1264228.3981709906,1264228.3981709906,Sellers
COL,Tropical Northwestern Atlantic,46394.07128224464,6684.849594116211,50926.48818481914,102912.61683085933,19998.68686639023,112361.23354086732,0.25687977691063096,NA,0.21222541319056445,0.036225587917749436,11994.671681984491,1319.165590289529,25308.508954258512,1319.165590289529,Buyers
MUS,Central Indian Ocean Islands,418037.673841552,50656.51371002197,473558.27249549254,166632.8732412981,12121.457808283225,186406.86767649042,0.09014602933792681,NA,1.8028820482231442,0.9210087600978827,453253.20183931687,-491788.2577410556,414718.1459375781,414718.1459375781,Sellers
NFK,Lord Howe and Norfolk Islands,86491.50930848489,5882.906234741211,96984.51814961474,64481.29225237518,4058.8813315182188,72261.19321634498,0.07764315687281888,NA,0.08709327153739918,0.8789526229027745,1916.9418106648582,-3740.9667138878503,92.91690744186599,92.91690744186599,Sellers
AUS,Lord Howe and Norfolk Islands,64866.813402067564,4653.295111864677,72667.69839742458,86187.99698660825,6613.0380623402225,96622.11801963873,0.09576612787473189,NA,0.08709327153739918,0.8789526229027745,1856.9316314271402,102.81131904840527,3816.6745819026855,102.81131904840527,Buyers
SLE,Gulf of Guinea,86786.12198683349,16500.10161590576,97871.24439407677,43358.37842967176,2793.58228807529,49178.97180737118,0.08638119900725845,NA,2.4308054898676903,0.1777266349075486,105564.39745131496,-119270.91677914542,91857.8781234845,91857.8781234845,Sellers
IDN,Tropical Northwestern Pacific,4889.698533028426,295.6284637451172,6149.59177072617,4427.75930516074,261.73670151045724,5564.87288049152,0.07336844370439062,NA,3.9566789122160486,0.6556823380452069,1827.7452016294371,-1861.6369638640972,1793.853439394777,1793.853439394777,Sellers
SOM,Red Sea and Gulf of Aden,52081.64455216411,52321.76826477051,66255.14492523519,32184.59119588125,4563.863125988085,40899.012300740396,0.19729687353578068,NA,8.345019328530308,0.8062226393126735,166041.29483897926,-213799.1999777617,118283.38970019683,118283.38970019683,Sellers
SOM,Western Indian Ocean,139289.26640969375,23019.494522094727,150767.2878668276,56247.14532358223,4149.829911580884,60761.830181796846,0.08476411223532751,NA,2.488421966369097,0.8841558782506749,206643.8382445623,-225513.50285507613,187774.17363404846,187774.17363404846,Sellers
AUS,Subantarctic Islands,0,0,0,2435.248909570353,137.34997331380163,3019.3546726569593,0.05648904911761839,NA,0.0019625074979402702,0.40249032631170734,4.779194244382685,132.57077906941893,142.12916755818432,132.57077906941893,Buyers
CXR,Java Transitional,116364.60873448284,16996.655853271484,129645.33216175051,87945.76927928679,11575.858664756424,98109.99010337725,0.18201266672989944,NA,0.19853058709280208,0.1007531685437798,5642.00888153616,-11062.80607005122,221.21169302109956,221.21169302109956,Sellers
RUS,Cold Temperate Northwest Pacific,749688.9499464101,10109494.87159798,920639.9232542035,661710.9075789585,8514859.457254926,809259.9769867129,17.047030736096424,NA,19.53720842988297,0.9606458796766933,1718845.3509859764,-3313480.76532903,124209.93664292246,124209.93664292246,Sellers
CCK,Java Transitional,244221.4125248518,36706.93168055953,277183.22491496283,118738.17996380219,14615.127744136193,134949.88751481866,0.15042390523670476,NA,0.19853058709280208,0.1007531685437798,24912.259830647796,-47004.06376707113,2820.4558942244585,2820.4558942244585,Sellers
AGO,Benguela,0,0,0,18068.57933829788,2334.5318118355885,20140.904170241723,0.17478695939847994,NA,0.0076020602049952325,0.7662172334328201,137.3584279484734,2197.173383887115,2471.890239784062,2197.173383887115,Buyers
AUS,Southwest Australian Shelf,201033.24995050757,28775.70523667169,234311.210300981,201033.24995050757,28775.70523667169,234311.210300981,0.1813905506409771,NA,0.1813905506409771,0.23883547499615776,0,0,0,0,Doesn't participate
PRT,Lusitanian,584673.6851409292,1808767.9288163455,662149.4942484463,373474.1161129265,727330.840251943,422852.22483886016,3.645392753413669,NA,6.7724932932748,0.40072422841684263,1430347.6647846762,-2511784.753349079,348910.5762202736,348910.5762202736,Sellers
PAN,Tropical Northwestern Atlantic,7343.228319739626,1167.1260223388672,9060.206558038739,34984.48295169214,13907.93639269363,43651.07145093475,0.5653089258770824,NA,0.21222541319056445,0.036225587917749436,5866.176685371725,6874.633684983037,18606.987055726488,6874.633684983037,Buyers
SHN,Tristan Gough,173184.22271223916,20784.21467640165,196509.87074992678,173184.22271223916,20784.21467640165,196509.87074992678,0.13514313634004138,NA,0.13514313634004138,0.6011611288012381,0,0,0,0,Doesn't participate
IND,Central Indian Ocean Islands,48044.05966875506,14996.868301391602,57506.69539414037,98702.23635571053,160207.49978267122,118039.70441108481,4.018239904516087,NA,1.8028820482231442,0.9210087600978827,91330.71734462821,53879.91413665141,236541.34882590783,53879.91413665141,Buyers
VUT,Tropical Southwestern Pacific,206286.74822511466,42487.07784860768,235142.9625130899,159512.1062737856,29754.138133627202,182016.76611719307,0.24734252108115506,NA,0.30823783743067223,0.5855198153421306,14417.714481671665,-27150.654196652144,1684.7747666911855,1684.7747666911855,Sellers
KEN,Western Indian Ocean,65711.63577795016,15018.290283203125,70642.70952536562,29054.69700155958,3167.688148767338,31140.175153614902,0.13156384305577315,NA,2.488421966369097,0.8841558782506749,91217.93167101743,-103068.53380545322,79367.32953658164,79367.32953658164,Sellers
AUS,West Central Australian Shelf,87874.68412461986,14515.77483564312,97907.73973680512,87874.68412461986,14515.77483564312,97907.73973680512,0.2132970905249415,NA,0.2132970905249415,0.9632711520518759,0,0,0,0,Doesn't participate
NIC,Tropical Northwestern Atlantic,14784.525435937781,2461.914794921875,18047.617459732093,35769.04556496091,10798.638138317712,42674.642548104224,1.0051987478608346,NA,0.21222541319056445,0.036225587917749436,4453.44845498765,3883.2748884081875,12790.171798383486,3883.2748884081875,Buyers
ZAF,Western Indian Ocean,45380.49026715376,8641.697570800781,48777.40028715802,19640.524706320524,2433.0615017337327,21063.98339143374,0.1577614081547466,NA,2.488421966369097,0.8841558782506749,64051.89571516147,-70260.53178422851,57843.25964609442,57843.25964609442,Sellers
IDN,Java Transitional,10559.580262334468,1617.1795959472656,12197.153829925624,164461.6522785801,2069130.476014418,186690.16612738062,15.985708717597994,NA,0.19853058709280208,0.1007531685437798,30554.26871218395,2036959.0277062869,2098067.5651306547,2036959.0277062869,Buyers
AUS,Northwest Australian Shelf,191610.33935075873,71530.14220202198,209158.36136826233,185929.8762456353,66063.85221793034,203032.3898269659,0.9407784924862602,NA,0.9984524159318335,0.19644468582295505,5671.672110922135,-11137.962095013772,205.3821268305037,205.3821268305037,Sellers
NZL,Southern New Zealand,358238.4429967861,101950.97472999747,424611.58988836966,358238.4429967861,101950.97472999747,424611.58988836966,0.4042680502574515,NA,0.4042680502574515,0.6902726638593812,0,0,0,0,Doesn't participate
CAN,Cold Temperate Northwest Atlantic,202364.1108028186,1907991.4376022078,234947.88438216117,233567.71186939068,5041193.387832623,271402.0581551547,138.12473171699185,NA,68.2683870743042,0.5005769150940309,2130219.515724913,1002982.4345055018,5263421.465955328,1002982.4345055018,Buyers
NZL,Northern New Zealand,295359.6678163095,178594.29938614983,336054.6675101366,295359.6678163095,178594.29938614983,336054.6675101366,0.9783099684588311,NA,0.9783099684588311,0.623701301174272,0,0,0,0,Doesn't participate
JPN,Tropical Northwestern Pacific,500873.28279020084,462488.8757019043,546587.7119336202,310311.1708490316,155007.892497553,338286.38827803347,0.8352665696065869,NA,3.9566789122160486,0.6556823380452069,753993.0897849784,-1061474.0729893297,446512.10658062715,446512.10658062715,Sellers
ESP,Lusitanian,90241.3964551378,250224.00509643555,101184.84883025492,168310.9060902346,927816.1369508436,195013.5353010462,10.281520774831677,NA,6.7724932932748,0.40072422841684263,528725.2304129455,148866.90144146257,1206317.3622673536,148866.90144146257,Buyers
BEN,Gulf of Guinea,25064.128629142648,11126.265441894531,27613.958165177868,11678.055622212416,2562.1958655489752,12811.860390034175,0.4021237826733791,NA,2.4308054898676903,0.1777266349075486,32538.939753015708,-41103.00932936126,23974.870176670152,23974.870176670152,Sellers
COD,Gulf of Guinea,8354.02768067918,1992.7722473144531,9171.259344304224,3199.1963679922223,439.86821315312744,3381.7303625136246,0.13928047749206612,NA,2.4308054898676903,0.1777266349075486,12530.39225422133,-14083.296288382655,10977.488220060004,10977.488220060004,Sellers
TLS,Western Coral Triangle,13011.285699061787,48137.858978271484,15169.733243384442,12315.807546387545,39269.16026499758,14376.749232161006,12.75194436974344,NA,16.359558213910486,0.2704625229682932,11377.715325177198,-20246.414038451097,2509.0166119032947,2509.0166119032947,Sellers
GTM,Tropical East Pacific,48716.700006444924,14379.372161865234,60132.823217624114,26729.495441441268,5902.568673234121,32679.548645867417,0.26218157199069547,NA,0.8074855809905065,0.13262055861610478,17754.350652529094,-26231.15414116021,9277.54716389798,9277.54716389798,Sellers
WLF,"Marshall, Gilbert and Ellis Islands",13920.087098842094,21400.214752197266,17975.02882298667,5555.832750180384,2701.014492987092,7149.139873003314,1.7269969862351402,NA,3.7232643368200877,0.7521089903126734,31142.32992046448,-49841.53017967465,12443.129661254305,12443.129661254305,Sellers
VCT,Tropical Northwestern Atlantic,2690.2037628838234,422.007080078125,2995.8759605716064,8855.03152536704,8829.914949901804,9907.326511632578,3.1244635577927533,NA,0.21222541319056445,0.036225587917749436,1308.3331191416635,7099.574750682015,9716.240988965343,7099.574750682015,Buyers
FJI,Tropical Southwestern Pacific,99992.20160650638,25073.438934326172,112429.80382334958,262486.57773434295,88234.96779775615,295383.1189900385,0.44991221556971256,NA,0.30823783743067223,0.5855198153421306,50086.9150922906,13074.613771139382,113248.44395572058,13074.613771139382,Buyers
WSM,Central Polynesia,53633.9013632604,14119.946105957031,68864.92287867969,32401.572508238474,7334.007845276323,41898.58580648666,0.2642740606433378,NA,1.768645285428321,0.986843617645359,37552.458328098226,-44338.39658877894,30766.520067417518,30766.520067417518,Sellers
LBR,Gulf of Guinea,147244.1712965344,51065.809143066406,162703.9922638149,67757.27886801152,16926.201405006912,74761.53610160507,0.2926815145693763,NA,2.4308054898676903,0.1777266349075486,193217.17448777595,-227356.78222583543,159077.56674971647,159077.56674971647,Sellers
GLP,Tropical Northwestern Atlantic,7799.131625602308,1521.2796020507812,8818.930115120478,23791.45242623247,6418.444968376506,26935.292762663932,0.5074512440171646,NA,0.21222541319056445,0.036225587917749436,3393.9768897897943,1503.1884765359305,8291.14225611552,1503.1884765359305,Buyers
JPN,South Kuroshio,275024.1105620999,352104.1185354825,295607.34733864147,198541.89819375402,133982.76530158965,213454.6111614319,1.3387600013504124,NA,4.425011030546749,0.24320566717612013,338434.6333705495,-556555.9866044424,120313.28013665663,120313.28013665663,Sellers
FJI,"Marshall, Gilbert and Ellis Islands",155497.52604998823,103076.5765991211,198008.19673584023,63434.92658930389,24008.222065951857,80475.03402935238,0.4948687980783474,NA,3.7232643368200877,0.7521089903126734,342773.39332691825,-421841.7478600875,263705.038793749,263705.038793749,Sellers
CRI,Tropical Northwestern Atlantic,0,0,0,7113.630001023697,1711.3958724927388,8991.011627845259,0.2663095365716416,NA,0.21222541319056445,0.036225587917749436,1509.6930662520497,201.70280624068914,3221.0889387447887,201.70280624068914,Buyers
MUS,Western Indian Ocean,796439.7720301553,367026.3451538086,898974.066960561,316921.5696921475,108018.82990946235,358915.4750580703,0.3904068154391613,NA,2.488421966369097,0.8841558782506749,1193243.62797172,-1452251.143216066,934236.1127273737,934236.1127273737,Sellers
GUF,North Brazil Shelf,47981.44430583136,51550.6308342033,54612.09189010992,31049.11113997129,17390.159798166682,35157.82324145337,0.8799625034936006,NA,3.889692976303827,0.8889755241253046,65861.57738768226,-100022.04842371888,31701.106351645645,31701.106351645645,Sellers
PAK,Somali/Arabian,58770.99624766118,40141.93719482422,70536.50681030958,30679.58739977418,10740.378674293372,36739.52815004428,0.3979466091744333,NA,7.3512495383407765,0.3585420454327968,206506.95632437133,-235908.51484490218,177105.3978038405,177105.3978038405,Sellers
ARG,Warm Temperate Southwestern Atlantic,14274.71846437756,20029.72393798828,16734.44533753141,64972.21737809487,23656044.740549028,76805.31057841548,962.4491253149379,NA,9.491770765092467,0.785305651846351,481209.03805252904,23154805.97855851,24117224.05466357,23154805.97855851,Buyers
NIC,Tropical East Pacific,17924.76872722022,5678.6478271484375,21164.852425166064,15757.69502975317,4876.4627647177185,18657.703275358326,0.3701697193631858,NA,0.8074855809905065,0.13262055861610478,1749.8807636484266,-2552.0658260791456,947.6957012177077,947.6957012177077,Sellers
PRK,Cold Temperate Northwest Pacific,38355.90968136605,202856.41705322266,47001.117873048526,31024.32103182208,103302.13770513539,38177.2622315538,11.756083127522443,NA,19.53720842988297,0.9606458796766933,143238.77556830476,-242793.05491639202,43684.496220217494,43684.496220217494,Sellers
WLF,Tropical Southwestern Pacific,2413.5643748231882,664.2955322265625,2976.5055765848274,724.0693124469566,199.28865966796877,892.9516729754483,0.2752342299861909,NA,0.30823783743067223,0.5855198153421306,520.7663043766483,-985.7731769352421,55.75943181805462,55.75943181805462,Sellers
BRA,Tropical Southwestern Atlantic,543662.7386071002,954556.8445981856,633087.5438922968,543662.7386071002,954556.8445981856,633087.5438922968,2.6965599434053678,NA,2.6965599434053678,0.7975247094980358,0,0,0,0,Doesn't participate
PAK,West and South Indian Shelf,26052.998907851215,24607.421997070312,31312.35514247395,23045.630106619123,11127.4986133838,27716.733488172013,0.9724637919917379,NA,5.617875073967032,0.8393595746815975,16895.022226667887,-30374.9456103544,3415.0988429813733,3415.0988429813733,Sellers
LBY,Mediterranean Sea,198024.56357705902,1291441.1482543945,259622.99494546905,84244.57393822426,54716.80572236779,111470.39671300004,1.07485646640026,NA,25.07788705830629,0.6242659527136141,2853361.729657958,-4090086.072189985,1616637.387125931,1616637.387125931,Sellers
PER,Tropical East Pacific,69832.94302619985,39332.21569824219,79738.59787062492,26710.51019439882,12173.099342454596,30278.34063733182,0.5154491462687949,NA,0.8074855809905065,0.13262055861610478,34820.74272891095,-61979.85908469854,7661.626373123356,7661.626373123356,Sellers
PER,Warm Temperate Southeastern Pacific,397387.36244791164,239203.06640625,448715.1122223545,184944.41183606812,90670.46578591736,206818.73259210523,0.5509050182462694,NA,1.3716907397111804,0.20055135308435768,291406.0280711854,-439938.62869151804,142873.42745085276,142873.42745085276,Sellers
COL,Tropical East Pacific,118151.36942010763,74485.97466369471,135528.0598170712,82608.95738210117,48021.16128669034,94934.96564870724,0.707843480395509,NA,0.8074855809905065,0.13262055861610478,28699.985234313615,-55164.79861131799,2235.171857309244,2235.171857309244,Sellers
MEX,Tropical East Pacific,46294.03569547493,31886.799926757812,52991.22830550603,112398.96126875367,93033.09871561722,127669.95774710679,1.0560836486235756,NA,0.8074855809905065,0.13262055861610478,53378.77423287318,7767.524555986231,114525.07302173259,7767.524555986231,Buyers
MEX,Warm Temperate Northeast Pacific,252311.07111671826,378993.4858360247,286484.9313746762,227196.453887723,313684.90577425156,257842.05273095847,2.3839728743268913,NA,2.8209974117901027,0.6577578990017852,70848.27020109473,-136156.85026286787,5539.69013932161,5539.69013932161,Sellers
LKA,West and South Indian Shelf,206583.49783417056,775043.5430908203,241579.6174536013,128255.9380598145,349952.0134702401,150360.8381931725,5.2738236695895235,NA,5.617875073967032,0.8393595746815975,440034.4456610176,-865125.9752815978,14942.916040437412,14942.916040437412,Sellers
TZA,Western Indian Ocean,141999.50559911525,100765.48132324219,152701.33879047394,65942.367195013,40217.198721435896,70876.94225204791,0.6973032227143141,NA,2.488421966369097,0.8841558782506749,189262.25390394268,-249810.53650574898,128713.97130213639,128713.97130213639,Sellers
GRD,Tropical Northwestern Atlantic,0,0,0,7171.049921843312,7906.90218284472,7968.648836580319,2.77383911940264,NA,0.21222541319056445,0.036225587917749436,1521.879032673362,6385.023150171359,9428.781215518082,6385.023150171359,Buyers
MEX,Tropical Northwestern Atlantic,0,0,0,172376.6236734298,348054.1102260235,214112.9143783492,3.3665739580541256,NA,0.21222541319056445,0.036225587917749436,36582.70018348807,311471.4100425354,384636.81040951156,311471.4100425354,Buyers
NCL,Tropical Southwestern Pacific,0,0,0,298680.60796716367,245253.8781319049,329977.0354863742,0.930924537015873,NA,0.30823783743067223,0.5855198153421306,92064.66468227694,153189.21344962798,337318.5428141818,153189.21344962798,Buyers
UMI,Central Polynesia,93690.58981522349,129811.51196289062,104510.78591552482,237122.94526350498,416994.32188540115,265022.8504015713,2.190059555786584,NA,1.768645285428321,0.986843617645359,253680.95924148225,33501.85068102827,540863.7691639927,33501.85068102827,Buyers
SLV,Tropical East Pacific,25804.402849151633,18710.24755859375,30179.23563920297,22477.704295886644,16036.262584219705,26322.7767709116,0.7920231548847955,NA,0.8074855809905065,0.13262055861610478,2686.2611140634567,-5360.246088437501,12.276139689411139,12.276139689411139,Sellers
MMR,Bay of Bengal,84347.33397633443,207031.4910888672,102733.36549494695,61211.98475278655,107862.52810300012,74504.83925538966,2.7155945948724036,NA,9.953964809935915,0.9420120706822525,230288.45203677376,-329457.41502264084,131119.48905090668,131119.48905090668,Sellers
EGY,Red Sea and Gulf of Aden,4421.8598208216645,4596.77099609375,5523.241388387915,15927.525219474235,1789106.6033458607,20913.426419824274,293.23025047127595,NA,8.345019328530308,0.8062226393126735,96015.00013935808,1688494.832210409,1880524.832489125,1688494.832210409,Buyers
BRA,Warm Temperate Southwestern Atlantic,207136.67583686052,704500.1872472512,244269.03574622737,159874.36463109255,416853.1470438482,188398.03060444392,4.363876391999321,NA,9.491770765092467,0.785305651846351,448603.02379361045,-736250.0639970135,160955.98359020747,160955.98359020747,Sellers
BGD,Bay of Bengal,18918.51596582095,36680.36975097656,23266.903243730812,24142.795160768546,106799.4133043483,29539.645756102454,16.14844878543007,NA,9.953964809935915,0.9420120706822525,52002.29126378872,18116.75228958302,122121.33481716046,18116.75228958302,Buyers
TGO,Gulf of Guinea,2717.318768485779,2231.87158203125,3064.445238058069,3317.036610598862,16380.605048009,3726.844939339819,23.592317040502294,NA,2.4308054898676903,0.1777266349075486,1457.7974229800868,12690.936042997662,15606.530888957837,12690.936042997662,Buyers
MEX,Warm Temperate Northwest Atlantic,33908.2036661643,95483.778564453125,41896.09263338812,21707.726697700113,48016.98968743829,26390.606382559978,3.634574820932047,NA,4.240639393316546,0.5634310934996356,51737.823249720466,-99204.6121267353,4271.0343727056315,4271.0343727056315,Sellers
USA,Cold Temperate Northwest Atlantic,144869.8059225197,1178048.05859375,164202.3338045584,112300.25747918242,299686.9165601539,126480.21304658095,5.005417014920169,NA,68.2683870743042,0.5005769150940309,2223470.539965052,-3101831.681998648,1345109.397931456,1345109.397931456,Sellers
MMR,Andaman,52839.7488919405,305923.1435546875,68809.69105992564,49647.1274636042,257112.62733680295,64531.601382230576,15.022080922013618,NA,15.913686232755865,0.8649541078885481,50806.375670516754,-99616.8918884013,1995.8594526321976,1995.8594526321976,Sellers
USA,Hawaii,482500.43811542715,1092514.8634438682,535447.8097084202,540579.7945958935,1253813.9217163082,599817.4159533104,2.814921952115007,NA,2.7155248288534235,0.5716887768126875,157715.93456653526,3583.123705904727,319014.9928389753,3583.123705904727,Buyers
USA,Warm Temperate Northwest Atlantic,219409.32485773304,568850.7203021989,244960.41090681622,231609.80182619722,621699.7907820209,258646.69890722068,4.383040335844729,NA,4.240639393316546,0.5634310934996356,51737.82324972044,1111.2472301015587,104586.89372954244,1111.2472301015587,Buyers
ATF,Amsterdam-St Paul,102396.97523402126,178432.20691677634,118797.18230564045,102396.97523402126,178432.20691677634,118797.18230564045,2.1253720596057972,NA,2.1253720596057972,0.1596827333140175,0,0,0,0,Doesn't participate
BRA,North Brazil Shelf,85408.28607715295,249100.18823242188,95259.2856522558,131740.25672572025,470683.20477788034,147013.98173713623,5.647372325012322,NA,3.889692976303827,0.8889755241253046,180217.14081004728,41365.87573541119,401800.15735550574,41365.87573541119,Buyers
UMI,"Marshall, Gilbert and Ellis Islands",223351.98559046097,572708.28369140625,252272.99788323542,100588.14673738995,202832.60713167753,113376.31597323471,2.4289946262044926,NA,3.7232643368200877,0.7521089903126734,457082.2230527676,-826957.8996124963,87206.54649303886,87206.54649303886,Sellers
UMI,Hawaii,166816.56757286188,360231.1494140625,188480.8069812175,108737.21109239572,214252.5108624686,123035.61953551041,2.352278988248245,NA,2.7155248288534235,0.5716887768126875,157715.93456653485,-303694.57311812876,11737.296014940948,11737.296014940948,Sellers
SPM,Cold Temperate Northwest Atlantic,3579.2045181955145,13666.009521484375,4434.322725867193,4945.151894960779,297996.79409886757,5972.13327416155,208.1564703105286,NA,68.2683870743042,0.5005769150940309,93251.0242401415,191079.7603372417,377581.8088175247,191079.7603372417,Buyers
PAN,Tropical East Pacific,0,0,0,41420.57138777192,71820.95632016481,50558.246265939844,2.255364337771703,NA,0.8074855809905065,0.13262055861610478,33446.514152013755,38374.44216815106,105267.47047217857,38374.44216815106,Buyers
NGA,Gulf of Guinea,44673.02360352944,75599.779052734375,49136.01316640311,46924.01968586461,81072.72645705518,51621.41796099527,2.4313447043600367,NA,2.4308054898676903,0.1777266349075486,5471.733634611,1.2137697098032731,10944.681038931798,1.2137697098032731,Buyers
CHL,Warm Temperate Southeastern Pacific,5428.500747121341,6705.587564119565,6038.002078363731,217871.4513589648,703630.2784472104,246633.05757223806,4.575934126675226,NA,1.3716907397111804,0.20055135308435768,291406.02807118534,405518.6628119055,988330.7189542763,405518.6628119055,Buyers
IND,Bay of Bengal,110299.69870008023,790306.708153554,130462.3293741325,132289.53002625002,1015720.8248765959,156799.59068605836,10.549657336969222,NA,9.953964809935915,0.9420120706822525,218886.00719712052,6528.109525921347,444300.1239201623,6528.109525921347,Buyers
PYF,Marquesas,199972.14416296402,308616.8772571586,221448.63868113796,199972.14416296402,308616.8772571586,221448.63868113796,1.7057687265698067,NA,1.7057687265698067,0.09730550236864322,0,0,0,0,Doesn't participate
CHL,Juan Fernandez and Desventuradas,6282.836043509297,8970.01320310198,7042.915477841943,6282.836043509297,8970.01320310198,7042.915477841943,1.5670190323345954,NA,1.5670190323345954,0.6540473243260129,0,0,0,0,Doesn't participate
PRI,Tropical Northwestern Atlantic,0,0,0,41248.525115441,78214.69630269038,47189.68014514858,2.3386550930736782,NA,0.21222541319056445,0.036225587917749436,8753.985286125842,69460.71101656454,86968.68158881622,69460.71101656454,Buyers
REU,Western Indian Ocean,181340.7395474452,356652.23828125,202842.14117086263,80408.74486704038,138321.42617541362,89798.25297341954,1.9041575996345674,NA,2.488421966369097,0.8841558782506749,251161.3926721682,-469492.20477800455,32830.58056633183,32830.58056633183,Sellers
MOZ,Western Indian Ocean,58488.7743232262,120067.30224609375,62699.867711527404,152629.1748517221,407998.1936420145,163413.71405269593,3.586309981407986,NA,2.488421966369097,0.8841558782506749,234261.04059789417,53669.8507980266,522191.93199381494,53669.8507980266,Buyers
GUM,Tropical Northwestern Pacific,114141.93285515637,282802.5478515625,140894.71581148045,49499.80384508164,97631.0280692255,61011.84814516895,2.2195084367614397,NA,3.9566789122160486,0.6556823380452069,255768.14869491194,-440939.668477249,70596.62891257495,70596.62891257495,Sellers
VEN,Tropical Northwestern Atlantic,0,0,0,106231.70470919892,189222.96972684612,116140.85252922247,2.068045119847221,NA,0.21222541319056445,0.036225587917749436,22545.067425847774,166677.90230099834,211768.0371526939,166677.90230099834,Buyers
TUV,"Marshall, Gilbert and Ellis Islands",130332.19833584513,318029.8408203125,167663.8095645683,157167.66020925966,419826.50506717985,202421.13892705392,3.8899594491753087,NA,3.7232643368200877,0.7521089903126734,99915.51815537951,1881.1460914878407,201712.18240224686,1881.1460914878407,Buyers
FJI,Central Polynesia,2404.056983990808,3462.292236328125,2962.4634770367984,721.2170951972425,1038.6876708984375,888.7390431110397,1.4401872581991022,NA,1.768645285428321,0.986843617645359,2976.3468354454594,-5399.951400875147,552.742270015772,552.742270015772,Sellers
MDV,Central Indian Ocean Islands,24973.006148514673,41630.58675125356,30483.311307853586,225719.6300618132,464005.098366191,275252.56555201364,2.323855252227561,NA,1.8028820482231442,0.9210087600978827,361922.48449468886,60452.02712024859,784296.9961096263,60452.02712024859,Buyers
MTQ,Tropical Northwestern Atlantic,0,0,0,13637.631324888223,26104.03621433057,15340.55064082068,2.4757726217022546,NA,0.21222541319056445,0.036225587917749436,2894.251942864988,23209.78427146558,28998.288157195555,23209.78427146558,Buyers
KIR,"Marshall, Gilbert and Ellis Islands",10305.978978765987,23814.73828125,12296.856524854638,245108.41231643094,1521701.389136997,291632.2940758364,7.513077290917401,NA,3.7232643368200877,0.7521089903126734,874231.526244704,623655.124611043,2372118.177100451,623655.124611043,Buyers
ASM,Central Polynesia,2212.7411744296496,3761.584716796875,2995.8759605716064,82349.10045576266,208182.67698860692,108075.94128553837,3.074171000310301,NA,1.768645285428321,0.986843617645359,141732.7940343197,62688.29823749035,346153.88630612975,62688.29823749035,Buyers
BES,Tropical Northwestern Atlantic,0,0,0,4710.249560124913,8625.537380090074,5153.412101097017,1.9612204239706867,NA,0.21222541319056445,0.036225587917749436,999.6346591281841,7625.90272096189,9625.172039218258,7625.90272096189,Buyers
USA,Tropical Northwestern Atlantic,0,0,0,69943.15304596738,299706.07766165293,77460.68375601439,8.817367558023303,NA,0.21222541319056445,0.036225587917749436,14843.714555031314,284862.3631066216,314549.79221668426,284862.3631066216,Buyers
GNQ,Gulf of Guinea,144836.69746651626,319369.0400389506,154234.34198856645,81425.48807020803,171115.57571124355,86896.76265212861,2.2755548837137263,NA,2.4308054898676903,0.1777266349075486,154140.3159196957,-302393.7802474028,5886.851591988641,5886.851591988641,Sellers
COM,Western Indian Ocean,28168.551178774607,61173.57080078125,30163.636746924152,46610.320068742316,110466.27024859725,49942.19715394579,2.887802133855529,NA,2.488421966369097,0.8841558782506749,45890.902804497884,3401.796643318121,95183.6022523139,3401.796643318121,Buyers
SYC,Western Indian Ocean,21741.59472181516,49118.475201888505,24151.824938194106,324635.95540638926,1019407.0079558956,356441.2538608309,3.706576134306462,NA,2.488421966369097,0.8841558782506749,753728.9806168184,216559.55213718873,1724017.5133708254,216559.55213718873,Buyers
CAN,Cold Temperate Northeast Pacific,4823.152919215285,9856.491943359375,5871.068974714798,91341.24955244477,285342.0874401994,111447.25625934258,3.895686332649089,NA,2.1458481367096764,0.4244445490488462,185654.69645208324,89830.89904475678,461140.29194892326,89830.89904475678,Buyers
ASM,Tropical Southwestern Pacific,0,0,0,2111.1778452083304,4258.739674191466,2659.7880068237996,2.017233973848951,NA,0.30823783743067223,0.5855198153421306,650.7448934385623,3607.9947807529043,4909.484567630028,3607.9947807529043,Buyers
GIN,Gulf of Guinea,2841.584128349375,5928.64404296875,3041.6894357048623,25277.55412770218,67609.15853949761,27336.00157032207,3.1730201210555973,NA,2.4308054898676903,0.1777266349075486,54537.4790449336,7143.035451595264,116217.99354146246,7143.035451595264,Buyers
FRA,Tropical East Pacific,0,0,0,115291.94578779564,383149.4791716352,128894.13957937018,3.9534740767985017,NA,0.8074855809905065,0.13262055861610478,93096.58382798414,290052.89534365106,476246.0629996193,290052.89534365106,Buyers
GNB,Gulf of Guinea,2853.652691175175,6258.0302734375,3033.111816634733,28929.600916700056,101301.76563779938,30628.95370127901,4.865695255443582,NA,2.4308054898676903,0.1777266349075486,63385.558100111535,31658.17726425035,158429.29346447342,31658.17726425035,Buyers
MDG,Western Indian Ocean,5245.060572623717,12233.93603515625,5634.450143665863,324734.14945802646,1302281.8896216622,355182.53438006237,4.962676253835228,NA,2.488421966369097,0.8841558782506749,795023.666797685,495024.286788821,2085071.620384191,495024.286788821,Buyers
VIR,Tropical Northwestern Atlantic,0,0,0,11121.857759845137,29114.957395165282,12465.467720673492,3.0097106205001563,NA,0.21222541319056445,0.036225587917749436,2360.34085852982,26754.61653663546,31475.298253695102,26754.61653663546,Buyers
DMA,Tropical Northwestern Atlantic,0,0,0,8815.251025036525,22939.390683406782,9822.154303645279,2.9830743722565454,NA,0.21222541319056445,0.036225587917749436,1870.8202911669234,21068.570392239857,24810.210974573707,21068.570392239857,Buyers
FRA,Lusitanian,43766.64382270527,219424.83251953125,49005.93034373027,48226.44884706594,250938.80638575854,54022.1092272931,7.229652895154417,NA,6.7724932932748,0.40072422841684263,30203.999616795896,1309.9742494313905,61717.973483023176,1309.9742494313905,Buyers
KIR,Southeast Polynesia,0,0,0,145261.39860295373,517016.24583336414,172936.49350593734,3.994352098892349,NA,0.19561983836151545,0.7931795706305713,28416.011314877476,488600.23451848666,545432.2571482416,488600.23451848666,Buyers
KIR,Central Polynesia,0,0,0,452597.5263337119,1486035.618565894,506535.4818228481,3.719681712387975,NA,1.768645285428321,0.986843617645359,800484.4811466399,685551.137419254,2286520.099712534,685551.137419254,Buyers
NRU,"Marshall, Gilbert and Ellis Islands",82682.30171441635,275532.23095703125,101502.3611947493,75806.81263226393,250167.52469767665,92929.0411608156,3.679406674314148,NA,3.7232643368200877,0.7521089903126734,25599.26329777397,-50963.96955712857,234.5570384193561,234.5570384193561,Sellers
NZL,Lord Howe and Norfolk Islands,0,0,0,689.0334715690174,1853.7317871093746,781.504049280406,2.6903363386515755,NA,0.08709327153739918,0.8789526229027745,60.010179237717246,1793.7216078716574,1913.7419663470919,1793.7216078716574,Buyers
MHL,"Marshall, Gilbert and Ellis Islands",490801.0032502422,1675151.4504284912,570659.6819962634,459229.289783732,1558231.986628769,533958.919085547,3.677104256482953,NA,3.7232643368200877,0.7521089903126734,117549.83480216007,-234469.29860188233,630.3710024377797,630.3710024377797,Sellers
ASM,Southeast Polynesia,0,0,0,692.7443822458064,1923.9757324218754,886.5316097672952,2.7773241930660526,NA,0.19561983836151545,0.7931795706305713,135.5145440807725,1788.4611883411028,2059.4902765026477,1788.4611883411028,Buyers
PLW,Tropical Northwestern Pacific,174087.05754222348,622462.9478675749,212749.917605962,136134.9588208814,474568.07404057996,166206.4214499394,3.8081194305623236,NA,3.9566789122160486,0.6556823380452069,150164.26868507583,-298059.1425120707,2269.3948580808938,2269.3948580808938,Sellers
ECU,Galapagos,223134.36114491944,2055976.6143809732,245167.00360366458,225022.44038219316,2105724.2633838328,247231.1586076623,26.40880262650064,NA,26.228669754600368,0.7738472063181414,49521.80678497014,225.8422178894616,99269.45578782982,225.8422178894616,Buyers
IND,West and South Indian Shelf,91565.85749759137,442379.4088071703,108625.56521374165,170542.0936134472,1001085.343764149,201773.96358194703,9.887689259220933,NA,5.617875073967032,0.8393595746815975,443678.62831100146,115027.30664597731,1002384.5632679802,115027.30664597731,Buyers
USA,Warm Temperate Northeast Pacific,0,0,0,25114.617228995285,112882.30321234273,28989.603170111044,6.467193125118254,NA,2.8209974117901027,0.6577578990017852,70848.27020109481,42034.03301124791,183730.57341343752,42034.03301124791,Buyers
SLB,Eastern Coral Triangle,558585.8137868084,4139226.310546875,675819.5016540512,227875.49100066547,1233214.2070818318,269869.8092576992,6.254021033939982,NA,38.225966596899795,0.4985750665119829,12641721.75207305,-15547733.855538093,9735709.648608007,9735709.648608007,Sellers
MHL,Tropical Northwestern Pacific,19941.56395709339,69906.55126953125,24302.458266961366,17296.1387903239,59993.2437567397,21069.06165201751,3.717976401948919,NA,3.9566789122160486,0.6556823380452069,10467.097971202456,-20380.405483994007,553.7904584109056,553.7904584109056,Sellers
LCA,Tropical Northwestern Atlantic,0,0,0,2428.208087431249,7931.599006218156,2756.936813704456,3.266441227699241,NA,0.21222541319056445,0.036225587917749436,515.3274646677671,7416.271541550389,8446.926470885923,7416.271541550389,Buyers
ATF,Western Indian Ocean,0,0,0,66980.74185741,294783.27258528717,71555.61715850793,5.170822229691793,NA,2.488421966369097,0.8841558782506749,166676.34936167707,128106.9232236101,461459.62194696424,128106.9232236101,Buyers
IRN,Somali/Arabian,2314.8160771302805,8084.98193359375,2807.3209579002996,36647.692724337496,7814525.380457564,45504.01824924542,935.6064738188152,NA,7.3512495383407765,0.3585420454327968,252389.54360269287,7554050.854921278,8058829.942126663,7554050.854921278,Buyers
BRN,Western Coral Triangle,4874.808988729212,33661.6064453125,6123.776719323109,5913.545111775499,138339.114301561,7427.994902262859,100.77391700720122,NA,16.359558213910486,0.2704625229682932,16993.264073867427,87684.24378238108,121670.77193011592,87684.24378238108,Buyers
FSM,Tropical Northwestern Pacific,9700.362043144469,36632.146484375,12205.58132551824,629164.0996088531,3461206.703974611,786024.3264162276,6.412846238586273,NA,3.9566789122160486,0.6556823380452069,2451019.107308776,973555.45018146,5875593.664799012,973555.45018146,Buyers
PLW,Western Coral Triangle,25128.12936132326,162682.74609375,30695.627372779014,9050.650794414416,44777.96971538423,11118.366532533979,5.783749894976353,NA,16.359558213910486,0.2704625229682932,263020.44654824334,-380925.2229266091,145115.6701698776,145115.6701698776,Sellers
TUV,Central Polynesia,0,0,0,4221.553142157208,16050.604297813326,5359.7745266129205,3.9439601382267617,NA,1.768645285428321,0.986843617645359,7466.43006206146,8584.174235751867,23517.034359874786,8584.174235751867,Buyers
CIV,Gulf of Guinea,0,0,0,45685.655857531754,204112.52215870772,49951.789571992005,5.350924214535933,NA,2.4308054898676903,0.1777266349075486,111052.94306669419,93059.57909201353,315165.4652254019,93059.57909201353,Buyers
SEN,Gulf of Guinea,0,0,0,7679.033342207251,32214.864679929393,8097.044529826362,5.364444863330649,NA,2.4308054898676903,0.1777266349075486,18666.236405114425,13548.628274814968,50881.10108504382,13548.628274814968,Buyers
IDN,Sahul Shelf,8122.906870919199,243172.3486328125,9193.103853575532,105292.57293579394,53883582.09034925,116118.39243540503,686.8458585775481,NA,79.96912468812083,0.1862454343961839,7770573.141445032,45869836.600271404,61410982.88316147,45869836.600271404,Buyers
MSR,Tropical Northwestern Atlantic,0,0,0,1612.168155748875,6450.541387425005,1804.9628617954886,4.001159162226869,NA,0.21222541319056445,0.036225587917749436,342.14305298647525,6108.39833443853,6792.684440411481,6108.39833443853,Buyers
SEN,West African Transition,68382.924175417,431340.998046875,74629.80104188474,30374.618864075255,159991.65649992743,33304.53134023689,6.264542119797614,NA,9.662516885245864,0.5128644790735901,367255.89185041975,-638605.2333973674,95906.55030347218,95906.55030347218,Sellers
SLB,Tropical Southwestern Pacific,0,0,0,112330.00577035431,604462.3962241817,137489.03472235758,5.995106572729942,NA,0.30823783743067223,0.5855198153421306,34624.35805722895,569838.0381669528,639086.7542814107,569838.0381669528,Buyers
MRT,West African Transition,69733.01557285388,469132.4052734375,82061.90402059555,33750.039113593826,180889.10536427138,39674.85878122862,6.193084802565919,NA,9.662516885245864,0.5128644790735901,347686.11761900474,-635929.4175281709,59442.81770983862,59442.81770983862,Sellers
MYS,Western Coral Triangle,2427.7331166020385,10706.2421875,3070.72406025478,17093.594430012054,7780195.220109685,21397.943790676196,837.6679377747454,NA,16.359558213910486,0.2704625229682932,239927.01191386886,7529561.966008317,8009415.989836054,7529561.966008317,Buyers
LKA,Bay of Bengal,10179.183632555898,64822.6142578125,12089.371419126714,6100.422334986444,30690.434661621526,7244.404980035822,5.922403869902421,NA,9.953964809935915,0.9420120706822525,40599.84642413489,-74732.02602032587,6467.666827943918,6467.666827943918,Sellers
KNA,Tropical Northwestern Atlantic,0,0,0,2420.4554684092323,10766.85788551145,2693.068076045525,4.4482776180086585,NA,0.21222541319056445,0.036225587917749436,513.6821618925105,10253.17572361894,11280.54004740396,10253.17572361894,Buyers
YEM,Red Sea and Gulf of Aden,166789.68362574014,1173557.3311079652,188937.67210299638,109671.7468740386,716324.5397492554,123615.13472385815,7.6276822819733505,NA,8.345019328530308,0.8062226393126735,476650.28619872103,-933883.0775574308,19417.494840011233,19417.494840011233,Sellers
JPN,Warm Temperate Northwest Pacific,286401.13009603065,3825768.395155985,310697.924553568,193407.26152896718,2213298.6564645,209627.2289376983,14.89996584147544,NA,22.440061702178152,0.5335593645349757,2086788.1485691497,-3699257.8872606345,474318.40987766464,474318.40987766464,Sellers
FSM,Eastern Coral Triangle,31089.42623221231,213884.65625,40002.9523045973,10762.6232771817,59989.287498070924,13860.427542522228,6.105844712094363,NA,38.225966596899795,0.4985750665119829,777011.6907807641,-930907.0595326931,623116.3220288351,623116.3220288351,Sellers
OMN,Red Sea and Gulf of Aden,10473.836964628697,65606.7412109375,11932.754216480507,3142.1510893886093,16431.207650532968,3563.508101242901,5.7892858331850245,NA,8.345019328530308,0.8062226393126735,61183.060339591175,-110358.5938999957,12007.526779186643,12007.526779186643,Sellers
STP,Gulf of Guinea,0,0,0,35892.4446315322,247415.01398106507,39624.88346432635,8.183600241306102,NA,2.4308054898676903,0.1777266349075486,87247.55145510058,160167.46252596448,334662.56543616566,160167.46252596448,Buyers
GMB,West African Transition,8469.943537957803,63872.462890625,8987.62788171482,4974.242349400061,31441.2215464895,5290.23358466228,7.670732253022777,NA,9.662516885245864,0.5128644790735901,33777.27176021321,-66208.5131043487,1346.0304160777123,1346.0304160777123,Sellers
TWN,South Kuroshio,0,0,0,18173.27747609727,143081.06086378367,19817.81561597233,9.489499954608664,NA,4.425011030546749,0.24320566717612013,80416.9532929172,62664.10757086647,223498.01415670087,62664.10757086647,Buyers
YEM,Somali/Arabian,13965.707156489707,95808.44684036473,16012.793950941365,23757.056368622794,169492.54277977673,27529.467593831905,7.723412321838465,NA,7.3512495383407765,0.3585420454327968,71978.65137542668,1705.444563985322,145662.7473148387,1705.444563985322,Buyers
CPV,West African Transition,139764.7677724058,1198641.5790681506,149790.15682054326,217251.75073156532,1980234.1909602599,233025.46943750608,10.459363370855469,NA,9.662516885245864,0.5128644790735901,748719.2812296376,32873.33066247171,1530311.8931217468,32873.33066247171,Buyers
KOR,Cold Temperate Northwest Pacific,32475.134308306406,350800.3623046875,38725.928808658406,61546.261237212515,1403276.5446791467,73276.7737336738,68.30793965074803,NA,19.53720842988297,0.9606458796766933,567968.6661016223,484507.51627283695,1620444.8484760816,484507.51627283695,Buyers
IDN,Andaman,55381.24103556502,779284.5556152128,70197.83447781694,176020.0204920466,2895776.490881196,225393.61497123557,19.01351559083867,NA,15.913686232755865,0.8649541078885481,1919807.683773082,196684.25149290147,4036299.619039065,196684.25149290147,Buyers
RUS,Black Sea,18343.053750757,769121.9091796875,31261.98764487144,13581.103490648904,318423.49743772036,23330.943600965475,74.66098353966257,NA,103.36234417071061,0.5870450164705423,492206.341709098,-942904.7534510652,41507.92996713088,41507.92996713088,Sellers
JPN,Cold Temperate Northwest Pacific,199070.64015319708,2985983.05078125,233583.3454393798,205195.27301968524,3107014.270743451,240645.8302653853,19.826461277768523,NA,19.53720842988297,0.9606458796766933,119658.22886909074,1372.9910931103368,240689.44883129187,1372.9910931103368,Buyers
IND,Andaman,292251.8511000855,3204325.3515625,360359.86225698615,157662.78018375902,1527447.9604520574,193289.22025011393,10.92513010151204,NA,15.913686232755865,0.8649541078885481,2141808.244920547,-3818685.6360309897,464930.85381010454,464930.85381010454,Sellers
CMR,Gulf of Guinea,0,0,0,3304.699620011511,2682750.135579344,4122.911548538779,3531.752729826159,NA,2.4308054898676903,0.1777266349075486,8033.081978687651,2674717.0536006563,2690783.2175580314,2674717.0536006563,Buyers
ITA,Mediterranean Sea,116930.2617145543,2062585.564453125,151586.893447263,132859.87124787204,2492808.073010122,172039.66426555582,30.15016675796841,NA,25.07788705830629,0.6242659527136141,399480.94875946135,30741.559797535592,829703.4573164582,30741.559797535592,Buyers
THA,Andaman,8886.85192207331,101148.7421875,12197.153829925624,23977.115219123807,524847.5271151864,32981.73905052145,43.056130695930065,NA,15.913686232755865,0.8649541078885481,240141.7152789336,183557.06964875283,663840.5002066201,183557.06964875283,Buyers
ESH,Lusitanian,0,0,0,62247.50071022747,700209.4116832183,72040.29956374774,12.803010513476888,NA,6.7724932932748,0.40072422841684263,421570.7810831339,278638.63060008443,1121780.192766352,278638.63060008443,Buyers
USA,Cold Temperate Northwest Pacific,6304.356798467352,77295.4228515625,7508.750764656534,3021.601372281797,32038.717747573533,3644.384771629213,11.7968785703981,NA,19.53720842988297,0.9606458796766933,64135.87698571648,-109392.58208970545,18879.171881727514,18879.171881727514,Sellers
FRO,Northern European Seas,118857.70519541325,11996352.00390625,143435.6588215777,52157.88222517063,2135419.6673347666,64819.93340315362,65.9302295886954,NA,302.2635222144022,0.711555375983958,20160923.422062624,-30021855.758634105,10299991.085491141,10299991.085491141,Sellers
ERI,Red Sea and Gulf of Aden,0,0,0,16747.032678179195,1077987.9053606635,24102.731475222838,95.52201866014727,NA,8.345019328530308,0.8062226393126735,139754.31139493408,938233.5939657295,1217742.2167555976,938233.5939657295,Buyers
TTO,North Brazil Shelf,0,0,0,4448.392105670225,318629.075338851,5151.6872550026965,159.69601164859057,NA,3.889692976303827,0.8889755241253046,17302.879529270864,301326.19580958015,335931.9548681219,301326.19580958015,Buyers
RUS,Cold Temperate Northeast Pacific,0,0,0,5107.657484337836,59050.91961486616,6275.284012761131,12.530542121465878,NA,2.1458481367096764,0.4244445490488462,10960.257295717578,48090.66231914858,70011.17691058373,48090.66231914858,Buyers
GRC,Mediterranean Sea,100531.57708669468,1832220.53515625,133089.06740120164,113145.3308121213,2160359.0075783907,149861.80262925162,26.605979073438068,NA,25.07788705830629,0.6242659527136141,316326.291307539,11812.18111460167,644464.7637296796,11812.18111460167,Buyers
CYP,Mediterranean Sea,39294.10424038551,633960.02734375,51089.59098360027,21373.322982991835,296532.79249277944,27862.97189903438,17.051651002305487,NA,25.07788705830629,0.6242659527136141,449415.32836953073,-786842.5632205013,111988.09351856017,111988.09351856017,Sellers
MLT,Mediterranean Sea,5864.915441495012,80978.15234375,7593.346901696328,14063.647054412804,697674.6265033082,17912.426164993245,117.27882663499722,NA,25.07788705830629,0.6242659527136141,205606.86541011775,411089.6087494404,822303.339569676,411089.6087494404,Buyers
MRT,Lusitanian,0,0,0,733.1227690364464,9421.886718749998,869.2074439989817,12.8517174976482,NA,6.7724932932748,0.40072422841684263,4965.0690364463835,4456.817682303615,14386.95575519638,4456.817682303615,Buyers
ESP,Mediterranean Sea,39078.87701596918,782146.736328125,47233.82515134314,65009.882423466974,1577459.2100349045,78421.12500682354,41.5012038941668,NA,25.07788705830629,0.6242659527136141,650294.8249175594,145017.64878922014,1445607.298624339,145017.64878922014,Buyers
AUS,Western Coral Triangle,5268.127881245301,80734.453125,5979.291007169456,2358.413692470376,35184.18912453262,2664.3786287887583,14.918582450934682,NA,16.359558213910486,0.2704625229682932,47601.638657104704,-93151.902657572093,2051.374656637323,2051.374656637323,Sellers
MDV,West and South Indian Shelf,0,0,0,2358.692459732312,37099.64464163891,2764.3938807745762,15.728902887937052,NA,5.617875073967032,0.8393595746815975,13250.839576684142,23848.805064954766,50350.48421832305,23848.805064954766,Buyers
FRA,Mediterranean Sea,14005.133569118094,293875.9296875,18232.133743767976,21539.75648787394,506516.7255785569,27905.095072215496,30.471921041645,NA,25.07788705830629,0.6242659527136141,188952.42258348517,23688.373307571717,401593.218474542,23688.373307571717,Buyers
CRI,Galapagos,2697.256053248137,43507.92578125,3072.3525637481393,809.176815974441,13052.377734374997,921.7057691244416,16.130439573527372,NA,26.228669754600368,0.7738472063181414,49521.80678496952,-79977.35483184452,19066.25873809452,19066.25873809452,Sellers
VNM,Sunda Shelf,206764.01726553653,78357039.1875,242948.32263075578,97501.70082498758,7949223.904925352,113618.85085418056,242.59194897137786,NA,1276.2536725809662,0.4106700810799744,139446432.63195428,-209854247.91452894,69038617.34937963,69038617.34937963,Sellers
ISR,Mediterranean Sea,6027.257960495236,121993.7109375,7742.776301354192,6007.845026818067,121522.32239362565,7717.948554109009,24.28218999319679,NA,25.07788705830629,0.6242659527136141,486.83535822644353,-958.223902100789,15.446814352093497,15.446814352093497,Sellers
LBN,Mediterranean Sea,6102.474120968629,114397.6640625,7668.938481125237,4240.6442928908,74690.29178888029,5328.240909997035,21.32706849723961,NA,25.07788705830629,0.6242659527136141,46690.758150321606,-86398.13042394131,6983.385876701897,6983.385876701897,Sellers
VNM,South China Sea,96222.20779789919,3589362.80078125,114378.98601887337,95761.80360012453,3559940.988750964,113832.57406524215,63.904308806252,NA,66.19492906782918,0.12621202722667502,30476.42321422394,-59898.235244510004,1054.6111839381047,1054.6111839381047,Sellers
MYS,South China Sea,7229.389162840986,192103.109375,9174.279377859353,18686.870587510868,1278667.8926942155,23874.348251561307,111.22011395263993,NA,66.19492906782918,0.12621202722667502,758427.1702019933,328137.6131172222,1844991.9535212088,328137.6131172222,Buyers
KHM,Sunda Shelf,23650.92747800756,12734056.1796875,33330.64918238545,9174.021104152798,1331105.414627191,13171.253932869287,411.1948804801066,NA,1276.2536725809662,0.4106700810799744,18476204.92724294,-29879155.692303248,7073254.162182629,7073254.162182629,Sellers
AUS,Sahul Shelf,340446.81394768175,22475854.890341684,375672.1098668782,230752.71784845536,14149184.927316748,255779.01242943414,72.10451818816378,NA,79.96912468812083,0.1862454343961839,8772140.848509744,-17098810.81153468,445470.8854848072,445470.8854848072,Sellers
DZA,Mediterranean Sea,11915.993047075917,263296.00040302594,13711.936668831733,32641.067729919898,888231.9814214456,37562.3533944051,32.59500532909997,NA,25.07788705830629,0.6242659527136141,519741.08217132435,105194.89884709526,1144677.063189744,105194.89884709526,Buyers
GHA,Gulf of Guinea,0,0,0,60869.570727694125,1821921.2844593672,66462.28032806385,35.939370430322114,NA,2.4308054898676903,0.1777266349075486,147962.08669076854,1673959.1977685986,1969883.3711501358,1673959.1977685986,Buyers
IDN,Sunda Shelf,192055.4573949956,181659512.29512826,234326.8677129892,250735.49700775053,260379375.03587434,304490.4264776289,1413.0887771487833,NA,1276.2536725809662,0.4106700810799744,74890616.06297503,3829246.6777710468,153610478.80372113,3829246.6777710468,Buyers
ECU,Tropical East Pacific,0,0,0,61555.40205584507,1736553.7723711643,68596.08791403827,30.769840472714765,NA,0.8074855809905065,0.13262055861610478,49705.09959216828,1686848.672778996,1786258.8719633326,1686848.672778996,Buyers
TWN,Warm Temperate Northwest Pacific,0,0,0,14875.2463556199,8196200.550697039,16096.036979359902,891.6434226589829,NA,22.440061702178152,0.5335593645349757,333801.44605521124,7862399.104641828,8530001.996752251,7862399.104641828,Buyers
CHN,South China Sea,30661.031427992024,1188106.3203125,35170.24044822118,115306.32994587885,76756861.8096689,131402.94991262446,2620.2948224602683,NA,66.19492906782918,0.12621202722667502,5603089.531316745,69965665.95803966,81171845.02067314,69965665.95803966,Buyers
TLS,Sahul Shelf,19117.71957770565,1035934.9375,21184.30276181169,9015.801751488685,347964.134683482,9995.244895256616,53.22912206482375,NA,79.96912468812083,0.1862454343961839,807841.5262338951,-1495812.329050413,119870.7234173771,119870.7234173771,Sellers
AUS,Eastern Coral Triangle,25201.451038561347,885199.234375,26834.426455320725,8377.746677579904,279729.45963506994,8908.211391288261,34.188038536784106,NA,38.225966596899795,0.4985750665119829,643102.3609389941,-1248572.1356789242,37632.58619906404,37632.58619906404,Sellers
PNG,Eastern Coral Triangle,190722.97767848082,7003094.058216336,205643.22232413793,558583.8077806359,21945894.30762716,639376.1006306926,42.72060929614383,NA,38.225966596899795,0.4985750665119829,14061835.803792812,880964.445618011,29004636.053203635,880964.445618011,Buyers
PHL,South Kuroshio,0,0,0,58308.93489224865,2501775.408804122,63062.14313386645,46.33372023664135,NA,4.425011030546749,0.24320566717612013,258017.68007763248,2243757.7287264895,2759793.0888817543,2243757.7287264895,Buyers
PHL,Western Coral Triangle,0,0,0,345488.51498354296,16720563.502202695,420345.0249847113,53.288518398124054,NA,16.359558213910486,0.2704625229682932,5652039.473110756,11068524.02909194,22372602.97531345,11068524.02909194,Buyers
PNG,Sahul Shelf,2796.599729115493,107400.453125,3037.5155913976246,25422.947589684158,4680499.931196334,27474.108278663403,213.48214998916754,NA,79.96912468812083,0.1862454343961839,1809409.2332986116,2763690.244772722,6382508.711369946,2763690.244772722,Buyers
PHL,South China Sea,134639.79170925007,7094793.483779809,160121.45771765255,92311.6086962789,4615076.580734071,108686.72055112629,54.62288496215866,NA,66.19492906782918,0.12621202722667502,2801911.072113719,-5281627.975159457,322194.1690679807,322194.1690679807,Sellers
OMN,Somali/Arabian,0,0,0,130402.18806434509,7439440.818928855,150081.76019544146,66.81944047847475,NA,7.3512495383407765,0.3585420454327968,958619.024806644,6480821.794122211,8398059.8437355,6480821.794122211,Buyers
PNG,Western Coral Triangle,0,0,0,4235.963015652227,188083.81369153946,5523.9814329243245,44.88520295265134,NA,16.359558213910486,0.2704625229682932,69298.48354653442,118785.33014500503,257382.2972380739,118785.33014500503,Buyers
NOR,Northern European Seas,87742.90678854901,12709820.94140625,108405.68216316486,151598.67860531787,54437957.05852719,184536.5247570077,897.0542130908282,NA,302.2635222144022,0.711555375983958,19301270.50305571,22426865.614065226,61029406.62017664,22426865.614065226,Buyers
MYS,Sunda Shelf,22523.76082532178,18129959.328125,27561.645638826594,76354.88627864658,139563751.90000898,93055.20823262185,2615.83312598736,NA,1276.2536725809662,0.4106700810799744,68702171.55897251,52731621.01291147,190135964.13085648,52731621.01291147,Buyers
DEU,Northern European Seas,1654.266652060436,81302.1796875,1801.8663576870906,5932.7345266881275,3624751.570044654,6694.193442149579,886.4021584369118,NA,302.2635222144022,0.711555375983958,1293224.7694661333,2250224.6208910206,4836674.159823287,2250224.6208910206,Buyers
THA,Sunda Shelf,27680.550037372806,28415003,39494.96737210051,38210.95075787517,42298530.23984169,54692.00779540106,1458.2298640333468,NA,1276.2536725809662,0.4106700810799744,13439462.593290398,444064.64655129425,27322989.83313209,444064.64655129425,Buyers
SYR,Mediterranean Sea,0,0,0,2919.5891578977935,160829.0676401076,3787.247219361048,57.19714552488089,NA,25.07788705830629,0.6242659527136141,73217.12715841644,87611.94048169116,234046.19479852403,87611.94048169116,Buyers
MAR,Lusitanian,0,0,0,65689.63088928143,5989902.037475685,76849.36063538784,123.7554858392955,NA,6.7724932932748,0.40072422841684263,444882.58463535557,5545019.452840329,6434784.62211104,5545019.452840329,Buyers
BRN,South China Sea,0,0,0,5010.302114049667,360483.8951951313,6369.135718744704,122.75713675183123,NA,66.19492906782918,0.12621202722667502,331656.5930479123,28827.302147219016,692140.4882430437,28827.302147219016,Buyers
TUR,Mediterranean Sea,0,0,0,21706.19629794934,2137156.9605911276,28722.126226262946,350.8509872953499,NA,25.07788705830629,0.6242659527136141,544345.5392253996,1592811.4213657281,2681502.499816527,1592811.4213657281,Buyers
SAU,Red Sea and Gulf of Aden,0,0,0,40084.25258686547,9780801.312193315,57663.94736376612,577.9759884799971,NA,8.345019328530308,0.8062226393126735,334503.86260708334,9446297.449586231,10115305.1748004,9446297.449586231,Buyers
TUR,Black Sea,3367.8535166173233,322218.94577801746,5891.201973286265,33576.16505449501,4663773.732003421,58217.297424869816,185.55931700618964,NA,103.36234417071061,0.5870450164705423,3122401.893994162,1219152.8922312409,7463956.680219565,1219152.8922312409,Buyers
NOR,Arctic,0,0,0,32636.930304450387,9349937.986711815,38861.90139463763,436.1507581325496,NA,1.1825029395018716,0.3969045750498089,38593.266021330295,9311344.720690485,9388531.252733145,9311344.720690485,Buyers
VEN,North Brazil Shelf,0,0,0,8083.677496654693,4739920.762233878,9853.674246478275,1580.6199532752166,NA,3.889692976303827,0.8889755241253046,31443.02358144306,4708477.738652434,4771363.785815321,4708477.738652434,Buyers
FIN,Northern European Seas,31876.60034995319,6867960.328125,38800.10347659991,17061.69414360727,3041729.868061527,19876.200985761876,216.53192280874222,NA,302.2635222144022,0.711555375983958,4478005.731206126,-8304236.191269599,651775.2711426527,651775.2711426527,Sellers
SWE,Northern European Seas,46868.90320669952,10733819.302048324,56487.99128052142,34721.45673323933,7301379.490477364,41482.61037221432,266.8867316001357,NA,302.2635222144022,0.711555375983958,3671729.9569789967,-7104169.768549956,239290.14540803712,239290.14540803712,Sellers
MNE,Mediterranean Sea,0,0,0,2301.3100939027645,472637.74592006515,2903.104059573457,353.6302901823467,NA,25.07788705830629,0.6242659527136141,57711.994621033766,414925.75129903137,530349.7405410989,414925.75129903137,Buyers
SDN,Red Sea and Gulf of Aden,0,0,0,14637.28296891277,10129182.884541959,22200.72999282472,1489.2024470307872,NA,8.345019328530308,0.8062226393126735,122148.40929274456,10007034.475249214,10251331.293834703,10007034.475249214,Buyers
DNK,Northern European Seas,1623.1705463673911,332382.875,1735.8727301601846,22522.12764365162,23601778.611814052,27691.088935674226,1846.2357410437112,NA,302.2635222144022,0.711555375983958,6316992.38283281,16952403.35398124,29586388.119646862,16952403.35398124,Buyers
RUS,Northern European Seas,3759.701616823688,930411.625,4662.392716577574,11354.61469760415,5215179.254020011,15190.489467340489,790.5504950882064,NA,302.2635222144022,0.711555375983958,2295665.178708939,1989102.4503110722,6580432.80772895,1989102.4503110722,Buyers
EST,Northern European Seas,5598.005415479274,1599708.9375,6308.903505465041,8912.120801894203,2631901.094859928,10027.13930225305,328.92722700833906,NA,302.2635222144022,0.711555375983958,1001736.1897227211,30455.967637206777,2033928.347082649,30455.967637206777,Buyers
TUN,Mediterranean Sea,0,0,0,23305.584252448916,14161017.317638827,28438.918456658448,891.9922562137953,NA,25.07788705830629,0.6242659527136141,584454.8097107555,13576562.507928072,14745472.127349583,13576562.507928072,Buyers
ALB,Mediterranean Sea,0,0,0,2922.0023449798646,884964.3907456882,3451.631155131815,305.66421804132875,NA,25.07788705830629,0.6242659527136141,73277.64479151118,811686.7459541771,958242.03553719935,811686.7459541771,Buyers
DJI,Red Sea and Gulf of Aden,0,0,0,1372.4423506144472,434565.21470131533,1843.4994606036032,316.6364069913457,NA,8.345019328530308,0.8062226393126735,11453.05794317113,423112.1567581442,446018.27264448645,423112.1567581442,Buyers
LVA,Northern European Seas,0,0,0,8412.68597371986,3168367.138795548,9334.32045441161,439.1499997415806,NA,302.2635222144022,0.711555375983958,2542848.0937002627,625519.0450952854,5711215.232495811,625519.0450952854,Buyers
QAT,Somali/Arabian,0,0,0,9274.54310471165,5068450.010868718,10696.46060704767,706.091288015758,NA,7.3512495383407765,0.3585420454327968,68179.48071683316,5000270.530151885,5136629.491585551,5000270.530151885,Buyers
BLM,Tropical Northwestern Atlantic,0,0,0,1635.7665566288474,662478.3052076313,1781.750550467642,404.9956288218371,NA,0.21222541319056445,0.036225587917749436,347.151233363864,662131.1539742674,662825.4564409952,662131.1539742674,Buyers
HRV,Mediterranean Sea,0,0,0,15691.846339753267,17128193.74696401,18500.85993929859,1441.419187162055,NA,25.07788705830629,0.6242659527136141,393518.3502446294,16734675.396719381,17521712.09720864,16734675.396719381,Buyers
MAR,Mediterranean Sea,0,0,0,6950.187510987789,8407527.249674624,7585.677790952848,3616.8546221843103,NA,25.07788705830629,0.6242659527136141,174296.01743460266,8233231.232240021,8581823.267109226,8233231.232240021,Buyers
IDN,Northwest Australian Shelf,0,0,0,5680.463105123425,3029565.4211503966,6355.134451528897,664.2428018853085,NA,0.9984524159318335,0.19644468582295505,5671.672110922128,3023893.7490394744,3035237.0932613187,3023893.7490394744,Buyers
LTU,Northern European Seas,0,0,0,1807.5955510491158,1266045.1817746228,2050.9472086924993,914.4202594124497,NA,302.2635222144022,0.711555375983958,546370.197999189,719674.9837754337,1812415.379773812,719674.9837754337,Buyers
POL,Northern European Seas,0,0,0,5159.5977239815265,4016972.584407059,5860.999088669159,891.4178500481381,NA,302.2635222144022,0.711555375983958,1559558.1812600691,2457414.4031469896,5576530.765667128,2457414.4031469896,Buyers
KOR,Warm Temperate Northwest Pacific,0,0,0,18184.018916239125,16384700.659686564,22198.483301046585,1003.9563080939405,NA,22.440061702178152,0.5335593645349757,408050.50647398067,15976650.153212583,16792751.166160543,15976650.153212583,Buyers
CHN,Cold Temperate Northwest Pacific,0,0,0,63396.626647786776,446015957.0393229,83682.51751913589,9423.189795829983,NA,19.53720842988297,0.9606458796766933,1238593.108569283,444777363.93075365,447254550.1478922,444777363.93075365,Buyers
FRA,Northern European Seas,0,0,0,18551.133080965556,29022669.13563534,22356.47739545677,2083.3721621173377,NA,302.2635222144022,0.711555375983958,5607330.826120764,23415338.309514575,34629999.9617561,23415338.309514575,Buyers
ARE,Somali/Arabian,0,0,0,12101.654774317803,16156759.217777593,14306.198079391042,1536.335406004914,NA,7.3512495383407765,0.3585420454327968,88962.2840728632,16067796.93370473,16245721.501850456,16067796.93370473,Buyers
CHN,Warm Temperate Northwest Pacific,0,0,0,59934.60329520443,217312330.63621768,72365.24300817796,5299.133998007768,NA,22.440061702178152,0.5335593645349757,1344936.1960399575,215967394.44017774,218657266.83225763,215967394.44017774,Buyers
NLD,Northern European Seas,0,0,0,15325.65590176145,44611560.226265006,18519.249145182643,3187.9619761616264,NA,302.2635222144022,0.711555375983958,4632386.733112357,39979173.49315265,49243946.95937736,39979173.49315265,Buyers
GTM,Tropical Northwestern Atlantic,0,0,0,698.9503819284656,1645263.0000000002,888.7390431110397,2353.90528789837,NA,0.21222541319056445,0.036225587917749436,148.33503360447145,1645114.6649663958,1645411.3350336046,1645114.6649663958,Buyers
GGY,Northern European Seas,0,0,0,999.135297354458,2390534.7282676543,1191.9665262947542,2392.603618946691,NA,302.2635222144022,0.711555375983958,302002.15414709254,2088532.5741205618,2692536.882414747,2088532.5741205618,Buyers
BEL,Northern European Seas,0,0,0,1034.9261849628892,2876891.0628275373,1165.4322897562527,2779.803144057755,NA,302.2635222144022,0.711555375983958,312820.4338987968,2564070.6289287405,3189711.496726334,2564070.6289287405,Buyers
MYS,Andaman,0,0,0,2052.6495911306633,6068553.454592508,2869.4259533163513,2956.448816599895,NA,15.913686232755865,0.8649541078885481,32665.22153904799,6035888.233053461,6101218.676131556,6035888.233053461,Buyers
SAU,Somali/Arabian,0,0,0,8730.862994950072,54986413.83534703,10234.778000301589,7600.056570632207,NA,7.3512495383407765,0.3585420454327968,64182.752560943285,54922231.08278608,55050596.58790797,54922231.08278608,Buyers
KWT,Somali/Arabian,0,0,0,2714.9321518054817,14894111.775910465,2953.6812060977413,5960.429806143547,NA,7.3512495383407765,0.3585420454327968,19958.14372758658,14874153.63218288,14914069.91963805,14874153.63218288,Buyers
BHR,Somali/Arabian,0,0,0,2041.8153756934676,16283394.684712544,2298.418272419134,7974.95938102737,NA,7.3512495383407765,0.3585420454327968,15009.894337943702,16268384.790374601,16298404.579050487,16268384.790374601,Buyers
IRQ,Somali/Arabian,0,0,0,573.4129645908827,6880440.000000001,802.1651142578874,11999.100866003337,NA,7.3512495383407765,0.3585420454327968,4215.301791227343,6876224.6982087735,6884655.301791228,6876224.6982087735,Buyers
SGP,Sunda Shelf,0,0,0,697.6570278216537,11933635.200000001,922.9624180587219,17105.3035002905,NA,1276.2536725809662,0.4106700810799744,890387.3439593068,11043247.856040694,12824022.543959308,11043247.856040694,Buyers
